90.0,93.0
90.0,93.0
90.0,93.0
90.0,93.0
90.0,93.0
90.0,93.0
90.0,93.0
90.0,93.0
90.00070190429688,92.99998474121094
90.00062561035156,92.99998474121094
90.00171661376953,92.99954223632812
90.03589630126953,92.99942016601562
90.1063232421875,92.99945831298828
90.2046890258789,92.99954986572266
90.3258056640625,92.99968719482422
90.46517181396484,92.99980163574219
90.62071228027344,92.9999771118164
90.7912368774414,93.00013732910156
90.97605895996094,93.00031280517578
91.17450714111328,93.00054168701172
91.38603210449219,93.00078582763672
91.61029815673828,93.00106048583984
91.84706115722656,93.00135803222656
92.0961685180664,93.00167846679688
92.35746002197266,93.00202941894531
92.62382507324219,93.00238800048828
92.8924331665039,93.00276947021484
93.1658706665039,93.00318145751953
93.44674682617188,93.00359344482422
93.73624420166016,93.0040512084961
94.0359878540039,93.0045166015625
94.34632873535156,93.00503540039062
94.66836547851562,93.00553131103516
95.00240325927734,93.00607299804688
95.3499984741211,93.00672912597656
95.70884704589844,93.00735473632812
96.08000946044922,93.0079345703125
96.46310424804688,93.00855255126953
96.85836791992188,93.00923919677734
97.26519012451172,93.00991821289062
97.6839370727539,93.01060485839844
98.11419677734375,93.0113296508789
98.5563735961914,93.0120620727539
99.01009368896484,93.01280975341797
99.47569274902344,93.01358795166016
99.95281982421875,93.01437377929688
100.4417724609375,93.01516723632812
100.94224548339844,93.01595306396484
101.4544906616211,93.01673889160156
101.97828674316406,93.01752471923828
102.51406860351562,93.01831817626953
103.06159210205078,93.01911926269531
103.62069702148438,93.01991271972656
104.19093322753906,93.02069854736328
104.77213287353516,93.02149963378906
105.36396026611328,93.02229309082031
105.96627807617188,93.0230484008789
106.57881927490234,93.02379608154297
107.20146179199219,93.02452850341797
107.83409118652344,93.02523040771484
108.4765625,93.02593231201172
109.1287841796875,93.0265884399414
109.79067993164062,93.0272445678711
110.46216583251953,93.02784729003906
111.14315795898438,93.0284423828125
111.8336410522461,93.02899932861328
112.53350067138672,93.02952575683594
113.24268341064453,93.030029296875
113.96114349365234,93.03048706054688
114.68881225585938,93.0309066772461
115.42562866210938,93.03129577636719
116.17156219482422,93.03164672851562
116.92652893066406,93.0319595336914
117.69047546386719,93.03223419189453
118.46332550048828,93.032470703125
119.24505615234375,93.03266143798828
120.03558349609375,93.03282165527344
120.83489227294922,93.03292846679688
121.64290618896484,93.03299713134766
122.45955657958984,93.03301239013672
123.28480529785156,93.03298950195312
124.11859130859375,93.03292083740234
124.96087646484375,93.03279876708984
125.81159973144531,93.03262329101562
126.67069244384766,93.0323257446289
127.53812408447266,93.03184509277344
128.41380310058594,93.0309829711914
129.2976837158203,93.02952575683594
130.18968200683594,93.02725219726562
131.08970642089844,93.02386474609375
131.9976806640625,93.01914978027344
132.9134979248047,93.01265716552734
133.8371124267578,93.0038833618164
134.76837158203125,92.9924087524414
135.7071533203125,92.97772979736328
136.6533660888672,92.95929718017578
137.60682678222656,92.93656158447266
138.56744384765625,92.90894317626953
139.5350341796875,92.87583923339844
140.50946044921875,92.83663940429688
141.4905242919922,92.79071044921875
142.47802734375,92.7374267578125
143.47213745117188,92.6788101196289
144.47299194335938,92.61924743652344
145.4805450439453,92.56129455566406
146.49472045898438,92.50613403320312
147.51547241210938,92.45491790771484
148.5428009033203,92.40873718261719
149.5767059326172,92.36842346191406
150.6171875,92.33438110351562
151.6642608642578,92.3066177368164
152.71795654296875,92.28482055664062
153.778076171875,92.26850128173828
154.84336853027344,92.2569351196289
155.91290283203125,92.24930572509766
156.98641967773438,92.2448501586914
158.06381225585938,92.24279022216797
159.14491271972656,92.24244689941406
160.2296600341797,92.2432632446289
161.31793212890625,92.24473571777344
162.40966796875,92.24652862548828
163.50460815429688,92.24506378173828
164.60232543945312,92.23773956298828
165.70252990722656,92.22382354736328
166.80502319335938,92.20198059082031
167.90948486328125,92.17098236083984
169.01576232910156,92.13004302978516
170.12374877929688,92.0791015625
171.23341369628906,92.01810455322266
172.34341430664062,91.94190979003906
173.4505615234375,91.8428726196289
174.5537872314453,91.71980285644531
175.65206909179688,91.57105255126953
176.74427795410156,91.39488220214844
177.82940673828125,91.18987274169922
178.90631103515625,90.95509338378906
179.97373962402344,90.68939208984375
181.031005859375,90.39308166503906
182.0774383544922,90.06631469726562
183.10960388183594,89.7064208984375
184.12278747558594,89.31077575683594
185.11581420898438,88.88019561767578
186.08743286132812,88.41512298583984
187.03579711914062,87.91563415527344
187.95925903320312,87.382080078125
188.85731506347656,86.81564331054688
189.72955322265625,86.21743774414062
190.57481384277344,85.58824157714844
191.38926696777344,84.9278793334961
192.16915893554688,84.23675537109375
192.91497802734375,83.51548767089844
193.62652587890625,82.76517486572266
194.30279541015625,81.98699951171875
194.94374084472656,81.18247985839844
195.54981994628906,80.35305786132812
196.12123107910156,79.50017547607422
196.6585693359375,78.62533569335938
197.16281127929688,77.73001861572266
197.6311798095703,76.81552124023438
198.06008911132812,75.88383483886719
198.45050048828125,74.9366455078125
198.80308532714844,73.97541046142578
199.11837768554688,73.00140380859375
199.39691162109375,72.01586151123047
199.63951110839844,71.01990509033203
199.8472442626953,70.01457977294922
200.0214385986328,69.00078582763672
200.16378784179688,67.97931671142578
200.2762451171875,66.95076751708984
200.3563995361328,65.91690063476562
200.3988037109375,64.88155364990234
200.40362548828125,63.84635925292969
200.37057495117188,62.81272506713867
200.2989959716797,61.78215026855469
200.18927001953125,60.75551223754883
200.0417022705078,59.73368453979492
199.85653686523438,58.71767807006836
199.6346893310547,57.70827865600586
199.377197265625,56.70599365234375
199.08587646484375,55.71088790893555
198.76272583007812,54.722782135009766
198.40989685058594,53.74119567871094
198.02630615234375,52.76850891113281
197.60812377929688,51.81148910522461
197.1556854248047,50.87276077270508
196.66940307617188,49.9536018371582
196.14901733398438,49.05625915527344
195.59410095214844,48.18333053588867
195.0045928955078,47.337371826171875
194.3807373046875,46.52094268798828
193.72300720214844,45.73659133911133
193.03350830078125,44.98334884643555
192.3138427734375,44.26012420654297
191.5643310546875,43.57050323486328
190.7860870361328,42.91674041748047
189.9810333251953,42.298789978027344
189.1512451171875,41.715126037597656
188.2985382080078,41.1639404296875
187.42466735839844,40.64350891113281
186.53131103515625,40.151668548583984
185.6201171875,39.68590545654297
184.69241333007812,39.24393844604492
183.74966430664062,38.82249069213867
182.7929229736328,38.42338180541992
181.82679748535156,38.05593490600586
180.85841369628906,37.727684020996094
179.89334106445312,37.4439582824707
178.934814453125,37.207862854003906
177.98593139648438,37.022220611572266
177.05015563964844,36.88941192626953
176.12826538085938,36.80825424194336
175.2145233154297,36.76613235473633
174.3086700439453,36.746585845947266
173.41270446777344,36.74089050292969
172.52622985839844,36.74119186401367
171.64700317382812,36.73770523071289
170.77403259277344,36.717552185058594
169.90744018554688,36.67154312133789
169.04827880859375,36.593589782714844
168.19845581054688,36.47977066040039
167.36056518554688,36.32706069946289
166.5331268310547,36.1391487121582
165.7111358642578,35.9224853515625
164.8944549560547,35.6773681640625
164.08238220214844,35.405067443847656
163.2728271484375,35.10982131958008
162.4635467529297,34.79627990722656
161.65255737304688,34.46855163574219
160.8369140625,34.1360969543457
160.01576232910156,33.815460205078125
159.19032287597656,33.52024459838867
158.36253356933594,33.26139831542969
157.53721618652344,33.04658508300781
156.71788024902344,32.87923812866211
155.90887451171875,32.76362609863281
155.11509704589844,32.702205657958984
154.3412628173828,32.69471740722656
153.59190368652344,32.74005126953125
152.8717498779297,32.837249755859375
152.185791015625,32.98520278930664
151.5384979248047,33.181434631347656
150.9341583251953,33.423118591308594
150.37643432617188,33.706661224365234
149.86854553222656,34.028160095214844
149.41285705566406,34.383174896240234
149.01087951660156,34.76721954345703
148.66302490234375,35.17558288574219
148.36874389648438,35.60372543334961
148.12644958496094,36.04731369018555
147.93357849121094,36.50230407714844
147.78684997558594,36.96518325805664
147.68260192871094,37.43296432495117
147.61697387695312,37.90322494506836
147.58551025390625,38.373531341552734
147.5853271484375,38.84172439575195
147.61264038085938,39.3070068359375
147.66468811035156,39.76907730102539
147.73985290527344,40.22759246826172
147.83775329589844,40.68183517456055
147.95619201660156,41.132171630859375
148.0936279296875,41.57901382446289
148.24896240234375,42.02244567871094
148.4213409423828,42.46266174316406
148.6100616455078,42.90034484863281
148.81500244140625,43.3366584777832
149.0354461669922,43.771976470947266
149.27090454101562,44.20663070678711
149.5214080810547,44.64037322998047
149.7867889404297,45.073280334472656
150.06028747558594,45.510292053222656
150.3351593017578,45.95669937133789
150.61288452148438,46.412113189697266
150.8937530517578,46.87669372558594
151.1775665283203,47.350868225097656
151.46421813964844,47.83484649658203
151.75350952148438,48.32884979248047
152.04544067382812,48.83281707763672
152.33987426757812,49.34669876098633
152.63690185546875,49.87035369873047
152.93626403808594,50.403812408447266
153.23818969726562,50.94687271118164
153.54283142089844,51.49937057495117
153.84588623046875,52.06287384033203
154.14324951171875,52.63850784301758
154.43544006347656,53.22578048706055
154.72244262695312,53.82441329956055
155.00411987304688,54.43427276611328
155.28045654296875,55.055213928222656
155.55154418945312,55.68703842163086
155.81768798828125,56.32955551147461
156.07916259765625,56.982582092285156
156.33592224121094,57.64606857299805
156.582763671875,58.320213317871094
156.8078155517578,59.00282669067383
157.0041046142578,59.691322326660156
157.16696166992188,60.38345718383789
157.2894744873047,61.07424545288086
157.36886596679688,61.76067352294922
157.40362548828125,62.44003677368164
157.39266967773438,63.109397888183594
157.3357391357422,63.76570510864258
157.2327423095703,64.40547943115234
157.08360290527344,65.0233383178711
156.88946533203125,65.61326599121094
156.65293884277344,66.17207336425781
156.37672424316406,66.69733428955078
156.0637664794922,67.18706512451172
155.7172393798828,67.63988494873047
155.34043884277344,68.05506134033203
154.93673706054688,68.43248748779297
154.5093994140625,68.77267456054688
154.06150817871094,69.07653045654297
153.59597778320312,69.34545135498047
153.11546325683594,69.58003997802734
152.6224822998047,69.78190612792969
152.11932373046875,69.95221710205078
151.60800170898438,70.09444427490234
151.08973693847656,70.20972442626953
150.5656280517578,70.30093383789062
150.03579711914062,70.37053680419922
149.4996337890625,70.41999816894531
148.95724487304688,70.45064544677734
148.40872192382812,70.46388244628906
147.85400390625,70.4608154296875
147.29306030273438,70.4426040649414
146.7259979248047,70.40919494628906
146.15264892578125,70.36214447021484
145.57284545898438,70.30252075195312
144.98562622070312,70.2355728149414
144.39015197753906,70.16397857666016
143.7861328125,70.08787536621094
143.1732635498047,70.00778198242188
142.55133056640625,69.92438507080078
141.92013549804688,69.83817291259766
141.27963256835938,69.74956512451172
140.62977600097656,69.65885925292969
139.97059631347656,69.5662612915039
139.3020782470703,69.47193908691406
138.624267578125,69.37596130371094
137.9372100830078,69.27843475341797
137.2409210205078,69.17943572998047
136.53549194335938,69.0789794921875
135.82090759277344,68.97711944580078
135.09725952148438,68.87388610839844
134.36460876464844,68.76929473876953
133.6229705810547,68.66336822509766
132.87242126464844,68.55612182617188
132.11300659179688,68.44756317138672
131.34478759765625,68.33772277832031
130.56787109375,68.22625732421875
129.7823486328125,68.11302185058594
128.98828125,67.99806213378906
128.18577575683594,67.88136291503906
127.37484741210938,67.76290130615234
126.55558013916016,67.6426773071289
125.7280044555664,67.52071380615234
124.89216613769531,67.39704132080078
124.0481185913086,67.27169036865234
123.19589233398438,67.14471435546875
122.33553314208984,67.01615905761719
121.46707916259766,66.88606262207031
120.59056091308594,66.75447845458984
119.70603942871094,66.62145233154297
118.81354522705078,66.48699188232422
117.91289520263672,66.35322570800781
117.00415802001953,66.2212142944336
116.08741760253906,66.09126281738281
115.16278839111328,65.96365356445312
114.23030090332031,65.8386459350586
113.28998565673828,65.71642303466797
112.34188842773438,65.5970687866211
111.38605499267578,65.48048400878906
110.42251586914062,65.36650848388672
109.45130920410156,65.2548828125
108.47248840332031,65.14533233642578
107.48609161376953,65.03755950927734
106.49217224121094,64.93125915527344
105.49092864990234,64.82496643066406
104.48253631591797,64.7177734375
103.46709442138672,64.60929870605469
102.44471740722656,64.49906921386719
101.4155044555664,64.38667297363281
100.37955474853516,64.27180480957031
99.33689880371094,64.15426635742188
98.287841796875,64.03400421142578
97.23368072509766,63.911170959472656
96.1753921508789,63.78594970703125
95.11325073242188,63.658451080322266
94.04740905761719,63.52891540527344
92.97794342041016,63.39754867553711
91.90497589111328,63.2645378112793
90.82953643798828,63.125667572021484
89.75300598144531,62.976863861083984
88.67585754394531,62.8175048828125
87.59860229492188,62.64635467529297
86.52173614501953,62.4622688293457
85.44566345214844,62.26437759399414
84.37063598632812,62.052181243896484
83.29678344726562,61.825584411621094
82.22413635253906,61.584877014160156
81.15259552001953,61.330623626708984
80.08197784423828,61.06362533569336
79.01199340820312,60.78483581542969
77.94242095947266,60.49510192871094
76.8751220703125,60.19086837768555
75.813232421875,59.86759567260742
74.75737762451172,59.525169372558594
73.70840454101562,59.1627311706543
72.6672134399414,58.77930450439453
71.6346435546875,58.37410354614258
70.61138153076172,57.94673156738281
69.59786224365234,57.497127532958984
68.59463500976562,57.02513122558594
67.6015625,56.53168869018555
66.6181869506836,56.01793670654297
65.64742279052734,55.48150634765625
64.69391632080078,54.919490814208984
63.75822067260742,54.33266830444336
62.84110641479492,53.72126770019531
61.94350051879883,53.08536148071289
61.06620788574219,52.42512130737305
60.209877014160156,51.74092102050781
59.37479782104492,51.03339385986328
58.56093215942383,50.30339431762695
57.76791000366211,49.55195999145508
56.994998931884766,48.78034210205078
56.243099212646484,47.98876190185547
55.512001037597656,47.178260803222656
54.80035400390625,46.35036087036133
54.10686492919922,45.50642395019531
53.430213928222656,44.647708892822266
52.76898956298828,43.77540588378906
52.12168884277344,42.89068603515625
51.48672866821289,41.99469757080078
50.862762451171875,41.08835983276367
50.24809646606445,40.17279052734375
49.6411018371582,39.2490119934082
49.04039001464844,38.31785202026367
48.447635650634766,37.37865447998047
47.86506271362305,36.43079376220703
47.29318618774414,35.47447967529297
46.72653579711914,34.512901306152344
46.160770416259766,33.54854202270508
45.595252990722656,32.58180236816406
45.02825164794922,31.61370849609375
44.45775604248047,30.645465850830078
43.88162612915039,29.67842674255371
43.29857635498047,28.713409423828125
42.70771789550781,27.75098419189453
42.10840606689453,26.79157829284668
41.50034713745117,25.835371017456055
40.8902473449707,24.87862777709961
40.28599548339844,23.91774559020996
39.68996047973633,22.951663970947266
39.10538101196289,21.978759765625
38.535369873046875,20.99761199951172
37.98255157470703,20.007198333740234
37.44889450073242,19.006916046142578
36.9356689453125,17.99653434753418
36.443485260009766,16.976106643676758
35.973018646240234,15.94572925567627
35.5234260559082,14.905954360961914
35.093406677246094,13.85735034942627
34.681732177734375,12.800445556640625
34.291831970214844,11.735220909118652
33.92979049682617,10.662362098693848
33.59587097167969,9.582802772521973
33.291072845458984,8.497185707092285
33.01677322387695,7.406122207641602
32.77438735961914,6.310296535491943
32.565185546875,5.210484504699707
32.39390182495117,4.108792304992676
32.26714324951172,3.0096142292022705
32.18657302856445,1.915583610534668
32.15359115600586,0.8290582299232483
32.16958999633789,-0.24737121164798737
32.23697280883789,-1.3090085983276367
32.35765075683594,-2.348400592803955
32.53136444091797,-3.3609893321990967
32.75756072998047,-4.342994689941406
33.0352783203125,-5.290663242340088
33.363101959228516,-6.200097560882568
33.739173889160156,-7.067928314208984
34.16144561767578,-7.891223430633545
34.62753677368164,-8.667068481445312
35.13466262817383,-9.393013954162598
35.679931640625,-10.066800117492676
36.260494232177734,-10.686760902404785
36.874176025390625,-11.252058982849121
37.51813507080078,-11.762557983398438
38.18833923339844,-12.215811729431152
38.87958526611328,-12.609505653381348
39.58951187133789,-12.94522762298584
40.31560134887695,-13.225284576416016
41.05506896972656,-13.45113754272461
41.80595779418945,-13.627487182617188
42.5667724609375,-13.758353233337402
43.33647537231445,-13.850107192993164
44.114261627197266,-13.90692138671875
44.89959716796875,-13.93350601196289
45.69247055053711,-13.936119079589844
46.493045806884766,-13.920430183410645
47.30149459838867,-13.890795707702637
48.11800003051758,-13.851000785827637
48.942684173583984,-13.803996086120605
49.7756233215332,-13.751948356628418
50.61684799194336,-13.696526527404785
51.46636199951172,-13.638848304748535
52.32255172729492,-13.572524070739746
53.18321990966797,-13.491243362426758
54.04771423339844,-13.39411449432373
54.91533660888672,-13.279641151428223
55.78539276123047,-13.146401405334473
56.65442657470703,-12.988945007324219
57.51598358154297,-12.800947189331055
58.36820602416992,-12.58137035369873
59.21077346801758,-12.328837394714355
60.04229736328125,-12.042523384094238
60.86122512817383,-11.721973419189453
61.66548538208008,-11.366582870483398
62.45518112182617,-10.97807502746582
63.23078155517578,-10.558205604553223
63.992454528808594,-10.108461380004883
64.74092864990234,-9.630735397338867
65.47740936279297,-9.127219200134277
66.20343780517578,-8.600262641906738
66.92037200927734,-8.051836967468262
67.6303939819336,-7.484609603881836
68.33576965332031,-6.901045799255371
69.03827667236328,-6.303144454956055
69.73960876464844,-5.692676067352295
70.44110870361328,-5.071123123168945
71.14848327636719,-4.446033477783203
71.86685943603516,-3.82588791847229
72.59757232666016,-3.2130520343780518
73.34223937988281,-2.610294818878174
74.1021499633789,-2.0202205181121826
74.87818908691406,-1.4449702501296997
75.67082977294922,-0.8862749934196472
76.4809341430664,-0.3501923382282257
77.30683135986328,0.15146705508232117
78.14569091796875,0.6121088862419128
78.99646759033203,1.0294448137283325
79.857666015625,1.4007503986358643
80.72596740722656,1.7213281393051147
81.59626007080078,1.986435055732727
82.46480560302734,2.1944081783294678
83.32784271240234,2.3442392349243164
84.18165588378906,2.4355080127716064
85.0226058959961,2.468306541442871
85.84672546386719,2.4431838989257812
86.65060424804688,2.3608500957489014
87.43179321289062,2.222957134246826
88.18785858154297,2.0313963890075684
88.91738891601562,1.7884793281555176
89.6200942993164,1.4960949420928955
90.29573059082031,1.1571743488311768
90.94476318359375,0.775155782699585
91.568603515625,0.3538497984409332
92.16947174072266,-0.10270309448242188
92.74935150146484,-0.5909906625747681
93.31156921386719,-1.1069469451904297
93.86078643798828,-1.6459397077560425
94.40091705322266,-2.2043142318725586
94.93505859375,-2.77925443649292
95.46580505371094,-3.368415355682373
95.99581909179688,-3.9695589542388916
96.52690887451172,-4.581088066101074
97.06034088134766,-5.2019171714782715
97.5970230102539,-5.831202983856201
98.14143371582031,-6.464155673980713
98.70001983642578,-7.091799259185791
99.27397155761719,-7.711839199066162
99.86441802978516,-8.322554588317871
100.47234344482422,-8.922205924987793
101.09839630126953,-9.509231567382812
101.74288940429688,-10.082427024841309
102.40187072753906,-10.646967887878418
103.07188415527344,-11.20797348022461
103.75298309326172,-11.765717506408691
104.44353485107422,-12.322593688964844
105.14151763916016,-12.881266593933105
105.84535217285156,-13.44389533996582
106.55364990234375,-14.012224197387695
107.26536560058594,-14.58754825592041
107.97981262207031,-15.17072582244873
108.69658660888672,-15.762227058410645
109.4155044555664,-16.362285614013672
110.13655090332031,-16.970928192138672
110.85986328125,-17.58803367614746
111.58204650878906,-18.216533660888672
112.29943084716797,-18.85909080505371
113.01165008544922,-19.515615463256836
113.7179946899414,-20.186445236206055
114.41777038574219,-20.871906280517578
115.1104965209961,-21.572179794311523
115.79598236083984,-22.287195205688477
116.47433471679688,-23.016691207885742
117.14596557617188,-23.76021385192871
117.81150817871094,-24.51717758178711
118.47178649902344,-25.28689193725586
119.12769317626953,-26.06862449645996
119.78020477294922,-26.861637115478516
120.43012237548828,-27.665306091308594
121.07827758789062,-28.478973388671875
121.72063446044922,-29.30451011657715
122.34634399414062,-30.144962310791016
122.94950103759766,-31.00040054321289
123.52787780761719,-31.871978759765625
124.07842254638672,-32.76043701171875
124.59825134277344,-33.66605758666992
125.08486938476562,-34.58869171142578
125.53634643554688,-35.52778625488281
125.95132446289062,-36.48252868652344
126.32910919189453,-37.45189666748047
126.668701171875,-38.43476104736328
126.97103118896484,-39.429931640625
127.23688507080078,-40.436344146728516
127.46297454833984,-41.45170974731445
127.6429443359375,-42.469852447509766
127.7751235961914,-43.486167907714844
127.85945892333984,-44.49839401245117
127.89520263671875,-45.5040283203125
127.88218688964844,-46.5013427734375
127.82032012939453,-47.48997497558594
127.70968627929688,-48.46843338012695
127.55074310302734,-49.43505096435547
127.34452819824219,-50.38844299316406
127.09162902832031,-51.32671356201172
126.79423522949219,-52.24933624267578
126.45487213134766,-53.156394958496094
126.075927734375,-54.04792785644531
125.66010284423828,-54.924564361572266
125.21001434326172,-55.78694534301758
124.7270278930664,-56.63450241088867
124.22054290771484,-57.47309875488281
123.7061996459961,-58.31165313720703
123.18799591064453,-59.15251159667969
122.67185974121094,-59.9993782043457
122.162353515625,-60.8550910949707
121.65560913085938,-61.7174186706543
121.14215850830078,-62.578495025634766
120.62020111083984,-63.4364128112793
120.08673858642578,-64.28947448730469
119.53775024414062,-65.13504028320312
118.97008514404297,-65.97045135498047
118.38143920898438,-66.79320526123047
117.76981353759766,-67.60116577148438
117.13459777832031,-68.39295959472656
116.4763412475586,-69.1681137084961
115.797119140625,-69.92916107177734
115.09966278076172,-70.67971801757812
114.38599395751953,-71.42195892333984
113.65689849853516,-72.1568603515625
112.91465759277344,-72.88700866699219
112.1624984741211,-73.61605072021484
111.4024887084961,-74.34597778320312
110.63762664794922,-75.07815551757812
109.87078094482422,-75.81422424316406
109.103271484375,-76.55531311035156
108.33576965332031,-77.3019027709961
107.56912994384766,-78.05479431152344
106.80353546142578,-78.81422424316406
106.03878784179688,-79.57989501953125
105.27490234375,-80.35194396972656
104.51156616210938,-81.13016510009766
103.74773406982422,-81.9134521484375
102.98274230957031,-82.70133972167969
102.21586608886719,-83.49357604980469
101.44631958007812,-84.28987121582031
100.6739501953125,-85.0893325805664
99.89803314208984,-85.89189147949219
99.12505340576172,-86.70198059082031
98.36796569824219,-87.525146484375
97.63221740722656,-88.36354064941406
96.91970825195312,-89.21817779541016
96.2253189086914,-90.08602142333984
95.53726196289062,-90.95838928222656
94.85334777832031,-91.83270263671875
94.17005920410156,-92.70636749267578
93.48587036132812,-93.57927703857422
92.79682159423828,-94.44921875
92.09894561767578,-95.31319427490234
91.39036560058594,-96.16970825195312
90.67017364501953,-97.01805114746094
89.9375991821289,-97.8575439453125
89.19300842285156,-98.68858337402344
88.43732452392578,-99.51204681396484
87.6712646484375,-100.3287582397461
86.8961181640625,-101.14012145996094
86.11317443847656,-101.94700622558594
85.32343292236328,-102.7507095336914
84.52798461914062,-103.55256652832031
83.72921752929688,-104.35452270507812
82.92852020263672,-105.15824890136719
82.12677764892578,-105.96463012695312
81.3248062133789,-106.77439880371094
80.52333068847656,-107.58821105957031
79.7228775024414,-108.40650939941406
78.92835998535156,-109.23273468017578
78.15065002441406,-110.07198333740234
77.39501190185547,-110.92578887939453
76.65650939941406,-111.79134368896484
75.92426300048828,-112.66175842285156
75.19867706298828,-113.53732299804688
74.47803497314453,-114.41686248779297
73.75993347167969,-115.29887390136719
73.04102325439453,-116.1810302734375
72.31791687011719,-117.06083679199219
71.5881118774414,-117.93629455566406
70.84992980957031,-118.80606079101562
70.10236358642578,-119.66929626464844
69.34498596191406,-120.52570343017578
68.5777587890625,-121.37533569335938
67.80099487304688,-122.21858215332031
67.01518249511719,-123.05602264404297
66.22097778320312,-123.8884048461914
65.4190902709961,-124.7165298461914
64.61048889160156,-125.5414810180664
63.79606628417969,-126.36420440673828
62.97659683227539,-127.18556213378906
62.152801513671875,-128.00628662109375
61.32534408569336,-128.82705688476562
60.49477767944336,-129.6484375
59.661556243896484,-130.47085571289062
58.82603073120117,-131.29466247558594
57.98844909667969,-132.12010192871094
57.14902877807617,-132.94735717773438
56.30786895751953,-133.77650451660156
55.465057373046875,-134.6076202392578
54.62065887451172,-135.44078063964844
53.77699279785156,-136.2780303955078
52.93595886230469,-137.12075805664062
52.09823989868164,-137.9692840576172
51.2646484375,-138.82415771484375
50.435951232910156,-139.6859130859375
49.61275863647461,-140.55496215820312
48.79540252685547,-141.4315643310547
47.98402404785156,-142.31576538085938
47.17849349975586,-143.20742797851562
46.37853240966797,-144.10630798339844
45.58371353149414,-145.0120849609375
44.793514251708984,-145.92434692382812
44.01191711425781,-146.84539794921875
43.24577713012695,-147.7782745361328
42.496665954589844,-148.72314453125
41.76673126220703,-149.6807861328125
41.05837631225586,-150.6519775390625
40.37391662597656,-151.63734436035156
39.71538162231445,-152.63720703125
39.08447265625,-153.651611328125
38.48657989501953,-154.68075561523438
37.929283142089844,-155.72357177734375
37.414817810058594,-156.77862548828125
36.945247650146484,-157.84458923339844
36.5226936340332,-158.91998291015625
36.14911651611328,-160.0030975341797
35.82622146606445,-161.0919952392578
35.55755615234375,-162.18319702148438
35.34679412841797,-163.27133178710938
35.19459533691406,-164.35302734375
35.10139083862305,-165.4250030517578
35.067405700683594,-166.48391723632812
35.09254455566406,-167.5263671875
35.17646026611328,-168.54861450195312
35.318599700927734,-169.5460968017578
35.51773452758789,-170.51473999023438
35.7720947265625,-171.4497833251953
36.079185485839844,-172.34629821777344
36.436580657958984,-173.20106506347656
36.84159469604492,-174.0109405517578
37.29149627685547,-174.77357482910156
37.783653259277344,-175.4875030517578
38.31549072265625,-176.1515655517578
38.88498306274414,-176.76499938964844
39.48925018310547,-177.32723999023438
40.12541580200195,-177.8401641845703
40.7907600402832,-178.30628967285156
41.482181549072266,-178.73028564453125
42.197322845458984,-179.11566162109375
42.93396759033203,-179.4656219482422
43.68965148925781,-179.78594970703125
44.46187973022461,-180.083251953125
45.24837112426758,-180.3640594482422
46.04711151123047,-180.63421630859375
46.85643005371094,-180.8986053466797
47.67498779296875,-181.1610107421875
48.501731872558594,-181.42442321777344
49.33602523803711,-181.69044494628906
50.177490234375,-181.9600372314453
51.0258674621582,-182.23385620117188
51.88105773925781,-182.51217651367188
52.74303436279297,-182.79498291015625
53.61179733276367,-183.082275390625
54.487430572509766,-183.37374877929688
55.370018005371094,-183.6691436767578
56.25963592529297,-183.9681854248047
57.156341552734375,-184.27064514160156
58.06016540527344,-184.5763702392578
58.97113037109375,-184.88519287109375
59.88925552368164,-185.19691467285156
60.81454086303711,-185.51144409179688
61.746971130371094,-185.82867431640625
62.686527252197266,-186.14854431152344
63.633182525634766,-186.47097778320312
64.58690643310547,-186.79591369628906
65.54767608642578,-187.12335205078125
66.51544189453125,-187.45321655273438
67.49018096923828,-187.7854766845703
68.4718246459961,-188.12014770507812
69.46035766601562,-188.45716857910156
70.45573425292969,-188.79653930664062
71.45767974853516,-189.1381378173828
72.46492004394531,-189.48155212402344
73.47648620605469,-189.82647705078125
74.49210357666016,-190.17279052734375
75.51158905029297,-190.52040100097656
76.5347900390625,-190.86927795410156
77.56158447265625,-191.21939086914062
78.59188079833984,-191.57069396972656
79.62560272216797,-191.9231719970703
80.66268157958984,-192.27679443359375
81.70305633544922,-192.6315460205078
82.74669647216797,-192.98739624023438
83.79356384277344,-193.34434509277344
84.8436050415039,-193.702392578125
85.89677429199219,-194.06149291992188
86.95305633544922,-194.421630859375
88.01242065429688,-194.78286743164062
89.07482147216797,-195.14512634277344
90.1402359008789,-195.50843811035156
91.20863342285156,-195.8727264404297
92.27996826171875,-196.23806762695312
93.35423278808594,-196.60435485839844
94.431396484375,-196.9716339111328
95.51142120361328,-197.33990478515625
96.59428405761719,-197.70913696289062
97.67996978759766,-198.079345703125
98.76842498779297,-198.4505157470703
99.85966491699219,-198.82261657714844
100.95361328125,-199.19566345214844
102.05027770996094,-199.569580078125
103.14962005615234,-199.94442749023438
104.2516098022461,-200.3201904296875
105.35623168945312,-200.6968536376953
106.46345520019531,-201.0743865966797
107.57327270507812,-201.45285034179688
108.68562316894531,-201.83213806152344
109.80049896240234,-202.21229553222656
110.91787719726562,-202.59332275390625
112.03775024414062,-202.97518920898438
113.16006469726562,-203.35787963867188
114.28482055664062,-203.7414093017578
115.4119873046875,-204.125732421875
116.54154968261719,-204.5109100341797
117.67347717285156,-204.8968963623047
118.8077392578125,-205.28366088867188
119.94432067871094,-205.6712646484375
121.0831527709961,-206.05978393554688
122.22418975830078,-206.44924926757812
123.36734771728516,-206.83978271484375
124.51256561279297,-207.23150634765625
125.65975952148438,-207.62448120117188
126.80888366699219,-208.01885986328125
127.95980834960938,-208.41482543945312
129.11248779296875,-208.8125
130.2666473388672,-209.21237182617188
131.4219970703125,-209.6151123046875
132.57818603515625,-210.021484375
133.73489379882812,-210.4319610595703
134.89169311523438,-210.8474578857422
136.0479736328125,-211.26905822753906
137.20286560058594,-211.69851684570312
138.3582305908203,-212.12876892089844
139.5153350830078,-212.55206298828125
140.6743621826172,-212.9686279296875
141.83541870117188,-213.37901306152344
142.99908447265625,-213.78274536132812
144.16604614257812,-214.17835998535156
145.33665466308594,-214.5653076171875
146.5110321044922,-214.94387817382812
147.68914794921875,-215.31472778320312
148.870849609375,-215.67884826660156
150.05587768554688,-216.0373992919922
151.2439422607422,-216.39163208007812
152.4347381591797,-216.74273681640625
153.62799072265625,-217.09176635742188
154.8234405517578,-217.43963623046875
156.02088928222656,-217.78713989257812
157.22018432617188,-218.13482666015625
158.4212188720703,-218.48309326171875
159.62289428710938,-218.83499145507812
160.82435607910156,-219.19253540039062
162.025146484375,-219.5564422607422
163.22471618652344,-219.92782592773438
164.42263793945312,-220.30764770507812
165.6184539794922,-220.69680786132812
166.8094940185547,-221.10031127929688
167.9916229248047,-221.5237579345703
169.16336059570312,-221.96875
170.32281494140625,-222.4373779296875
171.4650115966797,-222.93421936035156
172.58062744140625,-223.46435546875
173.66342163085938,-224.02952575683594
174.70904541015625,-224.63055419921875
175.7130584716797,-225.26771545410156
176.6710662841797,-225.94046020507812
177.578857421875,-226.64743041992188
178.43194580078125,-227.3859100341797
179.22634887695312,-228.15216064453125
179.95928955078125,-228.94248962402344
180.62855529785156,-229.75308227539062
181.23231506347656,-230.5798797607422
181.769287109375,-231.41860961914062
182.23855590820312,-232.2650604248047
182.6395263671875,-233.11485290527344
182.9719696044922,-233.96368408203125
183.2360382080078,-234.80714416503906
183.43218994140625,-235.64093017578125
183.56124877929688,-236.46023559570312
183.6243896484375,-237.2605743408203
183.6229705810547,-238.0381317138672
183.5585174560547,-238.78970336914062
183.43258666992188,-239.5131378173828
183.2473602294922,-240.2061004638672
183.00559997558594,-240.86688232421875
182.71044921875,-241.494384765625
182.36558532714844,-242.0884246826172
181.97511291503906,-242.64993286132812
181.54356384277344,-243.18109130859375
181.07591247558594,-243.68540954589844
180.57696533203125,-244.16702270507812
180.0529327392578,-244.63294982910156
179.5091552734375,-245.0895233154297
178.9497833251953,-245.54164123535156
178.37815856933594,-245.99317932128906
177.79689025878906,-246.44712829589844
177.20765686035156,-246.90542602539062
176.6116180419922,-247.36941528320312
176.00950622558594,-247.8397979736328
175.4017791748047,-248.31698608398438
174.78863525390625,-248.8011932373047
174.17015075683594,-249.2924346923828
173.54638671875,-249.79071044921875
172.913330078125,-250.28941345214844
172.26730346679688,-250.7804412841797
171.60801696777344,-251.26278686523438
170.93484497070312,-251.73495483398438
170.24728393554688,-252.19549560546875
169.54513549804688,-252.64334106445312
168.82806396484375,-253.07684326171875
168.09527587890625,-253.4910888671875
167.34678649902344,-253.8822479248047
166.58322143554688,-254.24937438964844
165.80648803710938,-254.59844970703125
165.01687622070312,-254.93045043945312
164.21371459960938,-255.23934936523438
163.3978729248047,-255.5259246826172
162.57028198242188,-255.7935028076172
161.73193359375,-256.0387878417969
160.88819885253906,-256.2516174316406
160.04457092285156,-256.42852783203125
159.20436096191406,-256.5682067871094
158.36904907226562,-256.67730712890625
157.54061889648438,-256.7754211425781
156.72119140625,-256.8623352050781
155.9103240966797,-256.92529296875
155.108642578125,-256.9718017578125
154.313720703125,-257.02154541015625
153.5223846435547,-257.0779724121094
152.73440551757812,-257.1485595703125
151.95535278320312,-257.2422180175781
151.18844604492188,-257.3615417480469
150.4326171875,-257.50054931640625
149.68458557128906,-257.64056396484375
148.9463653564453,-257.7712097167969
148.21783447265625,-257.8959045410156
147.49786376953125,-258.02069091796875
146.78555297851562,-258.1287841796875
146.08116149902344,-258.2206726074219
145.38392639160156,-258.3043212890625
144.6947784423828,-258.3656005859375
144.015869140625,-258.3987731933594
143.34559631347656,-258.4124450683594
142.6818084716797,-258.4234313964844
142.0216827392578,-258.431884765625
141.3614959716797,-258.4388732910156
140.6984100341797,-258.4462585449219
140.0304718017578,-258.45562744140625
139.35653686523438,-258.4685363769531
138.67579650878906,-258.4853515625
137.98768615722656,-258.5061950683594
137.29354858398438,-258.53668212890625
136.6007843017578,-258.5873718261719
135.91534423828125,-258.66253662109375
135.2365264892578,-258.7541809082031
134.56239318847656,-258.8425598144531
133.89512634277344,-258.92840576171875
133.2364959716797,-259.0255126953125
132.58651733398438,-259.12841796875
131.94386291503906,-259.2299499511719
131.30911254882812,-259.33355712890625
130.68125915527344,-259.42205810546875
130.0607147216797,-259.4974060058594
129.44818115234375,-259.57861328125
128.84359741210938,-259.6610412597656
128.24571228027344,-259.72607421875
127.656494140625,-259.76806640625
127.07562255859375,-259.7873229980469
126.50296783447266,-259.783935546875
125.93879699707031,-259.75750732421875
125.38153839111328,-259.7165222167969
124.82979583740234,-259.6691589355469
124.2846450805664,-259.61529541015625
123.7456283569336,-259.5605163574219
123.2131576538086,-259.5015563964844
122.68648529052734,-259.4428405761719
122.16606903076172,-259.38153076171875
121.65113067626953,-259.3217468261719
121.14503479003906,-259.24908447265625
120.65097045898438,-259.15826416015625
120.16825866699219,-259.05047607421875
119.69633483886719,-258.92633056640625
119.23173522949219,-258.79364013671875
118.77162170410156,-258.6595153808594
118.31712341308594,-258.5234375
117.86709594726562,-258.3893737792969
117.42726135253906,-258.2438659667969
117.0013427734375,-258.08258056640625
116.58824157714844,-257.9075012207031
116.18244934082031,-257.7259521484375
115.77629852294922,-257.5531005859375
115.36821746826172,-257.3963317871094
114.9574203491211,-257.256591796875
114.54242706298828,-257.1313171386719
114.12252044677734,-257.0185852050781
113.69618225097656,-256.9177551269531
113.26243591308594,-256.8279724121094
112.82067108154297,-256.748779296875
112.3709945678711,-256.6795654296875
111.91289520263672,-256.6199645996094
111.44657897949219,-256.56939697265625
110.97157287597656,-256.5274963378906
110.48804473876953,-256.49371337890625
109.99557495117188,-256.4677429199219
109.49431610107422,-256.44903564453125
108.98384857177734,-256.43731689453125
108.46430206298828,-256.4320983886719
107.9352798461914,-256.43310546875
107.39684295654297,-256.4399719238281
106.84854125976562,-256.4524230957031
106.29042053222656,-256.4700622558594
105.72232055664062,-256.49261474609375
105.14451599121094,-256.5197448730469
104.55696868896484,-256.5512390136719
103.95985412597656,-256.586669921875
103.35316467285156,-256.6259460449219
102.73703002929688,-256.668701171875
102.11151123046875,-256.7148132324219
101.47667694091797,-256.7640075683594
100.83258819580078,-256.8161315917969
100.17925262451172,-256.8710632324219
99.5167465209961,-256.9285888671875
98.84507751464844,-256.9885559082031
98.16435241699219,-257.0447692871094
97.47486877441406,-257.0935363769531
96.77680206298828,-257.13531494140625
96.0703125,-257.1692810058594
95.35554504394531,-257.1956787109375
94.63260650634766,-257.2139892578125
93.90157318115234,-257.2248840332031
93.16239166259766,-257.2289733886719
92.41505432128906,-257.2267761230469
91.65953063964844,-257.2188415527344
90.89576721191406,-257.2057800292969
90.12371063232422,-257.1883850097656
89.34329986572266,-257.1671142578125
88.55451965332031,-257.1424255371094
87.75736236572266,-257.1148681640625
86.9517593383789,-257.0849304199219
86.13772583007812,-257.0530090332031
85.31523895263672,-257.0193176269531
84.48432159423828,-256.9841613769531
83.6449966430664,-256.94775390625
82.7972640991211,-256.9103698730469
81.941162109375,-256.8720703125
81.07672119140625,-256.8330078125
80.20397186279297,-256.79327392578125
79.32295989990234,-256.75299072265625
78.43373107910156,-256.7121887207031
77.53631591796875,-256.6708984375
76.63076782226562,-256.6291198730469
75.71714782714844,-256.58697509765625
74.79548645019531,-256.54443359375
73.86583709716797,-256.5014953613281
72.92825317382812,-256.45819091796875
71.98295593261719,-256.41265869140625
71.03015899658203,-256.3639831542969
70.07001495361328,-256.3120422363281
69.10269165039062,-256.2563781738281
68.1282730102539,-256.19683837890625
67.14679718017578,-256.1333923339844
66.15834045410156,-256.0657653808594
65.16294860839844,-255.9940185546875
64.16058349609375,-255.91854858398438
63.15122985839844,-255.8397674560547
62.134857177734375,-255.75796508789062
61.11143493652344,-255.6735076904297
60.0809440612793,-255.58677673339844
59.043373107910156,-255.49807739257812
57.99871063232422,-255.40773010253906
56.94723129272461,-255.31600952148438
55.89023971557617,-255.22328186035156
54.82871627807617,-255.12982177734375
53.76293182373047,-255.03573608398438
52.693084716796875,-254.94122314453125
51.61931610107422,-254.84632873535156
50.54181671142578,-254.75048828125
49.46075439453125,-254.6533660888672
48.37625503540039,-254.55491638183594
47.28841781616211,-254.4550018310547
46.197303771972656,-254.35348510742188
45.10299301147461,-254.2503662109375
44.00551223754883,-254.14553833007812
42.9048957824707,-254.03907775878906
41.80117416381836,-253.93104553222656
40.69434356689453,-253.82151794433594
39.58441162109375,-253.7106170654297
38.47139358520508,-253.5985107421875
37.355289459228516,-253.48536682128906
36.236106872558594,-253.37120056152344
35.113861083984375,-253.2562255859375
33.988563537597656,-253.1405029296875
32.8602294921875,-253.02415466308594
31.72882652282715,-252.90773010253906
30.59439468383789,-252.79159545898438
29.45697593688965,-252.67588806152344
28.316598892211914,-252.56072998046875
27.173288345336914,-252.44631958007812
26.027055740356445,-252.33270263671875
24.87791633605957,-252.22000122070312
23.725900650024414,-252.10818481445312
22.571022033691406,-251.9971466064453
21.413312911987305,-251.88682556152344
20.25278663635254,-251.777099609375
19.08946990966797,-251.66790771484375
17.92338752746582,-251.5590362548828
16.75457763671875,-251.450439453125
15.583065032958984,-251.34197998046875
14.408881187438965,-251.23358154296875
13.232057571411133,-251.12513732910156
12.052626609802246,-251.0166015625
10.870612144470215,-250.90786743164062
9.686673164367676,-250.79519653320312
8.501631736755371,-250.67538452148438
7.315855503082275,-250.54771423339844
6.129715919494629,-250.4109649658203
4.943534851074219,-250.26402282714844
3.7575602531433105,-250.1060028076172
2.571948289871216,-249.93649291992188
1.386757731437683,-249.75540161132812
0.20195159316062927,-249.5629425048828
-0.9825942516326904,-249.3597412109375
-2.167071580886841,-249.14662170410156
-3.351717948913574,-248.9244842529297
-4.536797523498535,-248.6943817138672
-5.72257661819458,-248.4574432373047
-6.909309387207031,-248.21456909179688
-8.097223281860352,-247.9667510986328
-9.286874771118164,-247.7167510986328
-10.478537559509277,-247.46641540527344
-11.672308921813965,-247.21682739257812
-12.868361473083496,-246.96923828125
-14.066800117492676,-246.7244873046875
-15.26771354675293,-246.4832305908203
-16.471179962158203,-246.2459716796875
-17.677276611328125,-246.0130157470703
-18.88603401184082,-245.79006958007812
-20.093538284301758,-245.5756378173828
-21.294939041137695,-245.36489868164062
-22.488359451293945,-245.17628479003906
-23.668964385986328,-245.01922607421875
-24.832666397094727,-244.90013122558594
-25.977237701416016,-244.82333374023438
-27.102779388427734,-244.7896270751953
-28.2144775390625,-244.78826904296875
-29.31480598449707,-244.80482482910156
-30.40395736694336,-244.83505249023438
-31.48358726501465,-244.8752899169922
-32.55591583251953,-244.91717529296875
-33.62278747558594,-244.9495391845703
-34.684967041015625,-244.9619598388672
-35.74369812011719,-244.9556121826172
-36.799800872802734,-244.94403076171875
-37.8502311706543,-244.92083740234375
-38.892112731933594,-244.88064575195312
-39.92319869995117,-244.84469604492188
-40.94224166870117,-244.81414794921875
-41.95001983642578,-244.78512573242188
-42.94636154174805,-244.7687225341797
-43.93443298339844,-244.76683044433594
-44.915740966796875,-244.78631591796875
-45.88557434082031,-244.8374786376953
-46.83860397338867,-244.92623901367188
-47.772396087646484,-245.05548095703125
-48.68464660644531,-245.22735595703125
-49.5724983215332,-245.443603515625
-50.4327278137207,-245.7051544189453
-51.26000213623047,-246.01235961914062
-52.0477294921875,-246.36390686035156
-52.79186248779297,-246.7577362060547
-53.48878860473633,-247.1913604736328
-54.135345458984375,-247.661865234375
-54.72877883911133,-248.1660614013672
-55.26681900024414,-248.70046997070312
-55.74770736694336,-249.26138305664062
-56.17024230957031,-249.8450469970703
-56.53377914428711,-250.4475860595703
-56.836570739746094,-251.06375122070312
-57.076541900634766,-251.68589782714844
-57.254207611083984,-252.30874633789062
-57.3708381652832,-252.92782592773438
-57.42840576171875,-253.53916931152344
-57.42918395996094,-254.13897705078125
-57.37615203857422,-254.72406005859375
-57.2733154296875,-255.2929229736328
-57.124794006347656,-255.8446502685547
-56.93409729003906,-256.3778076171875
-56.705238342285156,-256.89190673828125
-56.44319534301758,-257.38873291015625
-56.15122985839844,-257.86871337890625
-55.833099365234375,-258.3342590332031
-55.49156188964844,-258.788330078125
-55.12835693359375,-259.2311706542969
-54.74630355834961,-259.6651611328125
-54.34687042236328,-260.0912780761719
-53.931888580322266,-260.51153564453125
-53.50299835205078,-260.9279479980469
-53.06099319458008,-261.3416442871094
-52.606815338134766,-261.75384521484375
-52.14116668701172,-262.1656494140625
-51.66480255126953,-262.5782165527344
-51.17829132080078,-262.9924011230469
-50.68222427368164,-263.4090881347656
-50.17711639404297,-263.8290100097656
-49.66348648071289,-264.2529296875
-49.14179992675781,-264.6815490722656
-48.61225891113281,-265.115234375
-48.07497787475586,-265.5541076660156
-47.53010177612305,-265.9984130859375
-46.97562789916992,-266.4451599121094
-46.40962219238281,-266.8907165527344
-45.83184051513672,-267.3341369628906
-45.242488861083984,-267.7752990722656
-44.641624450683594,-268.21392822265625
-44.02933120727539,-268.6499938964844
-43.40576171875,-269.0834655761719
-42.771141052246094,-269.5146484375
-42.12578201293945,-269.9439392089844
-41.46999740600586,-270.37188720703125
-40.804141998291016,-270.7990417480469
-40.1285514831543,-271.22601318359375
-39.443424224853516,-271.6531066894531
-38.74917221069336,-272.08111572265625
-38.04603576660156,-272.5103454589844
-37.334327697753906,-272.9413757324219
-36.614315032958984,-273.37469482421875
-35.88620376586914,-273.8106384277344
-35.150169372558594,-274.2494812011719
-34.406394958496094,-274.6914978027344
-33.65501022338867,-275.13690185546875
-32.89616012573242,-275.5858459472656
-32.12995910644531,-276.0384826660156
-31.356491088867188,-276.4948425292969
-30.57585906982422,-276.9550476074219
-29.792890548706055,-277.4249572753906
-29.013525009155273,-277.91046142578125
-28.238744735717773,-278.4122314453125
-27.46982765197754,-278.9314270019531
-26.708038330078125,-279.46905517578125
-25.954368591308594,-280.0257873535156
-25.209442138671875,-280.60186767578125
-24.47344207763672,-281.1970520019531
-23.746137619018555,-281.8107604980469
-23.026918411254883,-282.44219970703125
-22.314863204956055,-283.09027099609375
-21.60881996154785,-283.7538146972656
-20.90749740600586,-284.43157958984375
-20.209548950195312,-285.1222839355469
-19.51364517211914,-285.8248291015625
-18.81855010986328,-286.5379943847656
-18.12315559387207,-287.2608642578125
-17.426496505737305,-287.9925231933594
-16.7277774810791,-288.73223876953125
-16.03092384338379,-289.4825134277344
-15.343981742858887,-290.2474365234375
-14.668749809265137,-291.0274963378906
-14.007072448730469,-291.8234558105469
-13.36099910736084,-292.6361999511719
-12.732382774353027,-293.4663391113281
-12.122668266296387,-294.3141784667969
-11.533660888671875,-295.1799621582031
-10.96626091003418,-296.0634460449219
-10.419748306274414,-296.9635925292969
-9.893926620483398,-297.8786315917969
-9.39311695098877,-298.8079528808594
-8.922554969787598,-299.7509460449219
-8.482141494750977,-300.7063903808594
-8.072220802307129,-301.6733703613281
-7.693183422088623,-302.6513977050781
-7.345027446746826,-303.64117431640625
-7.027895927429199,-304.64239501953125
-6.741818904876709,-305.6541442871094
-6.491013526916504,-306.6736755371094
-6.283624172210693,-307.69512939453125
-6.124114036560059,-308.7127990722656
-6.014407157897949,-309.72308349609375
-5.9562811851501465,-310.7227478027344
-5.9516496658325195,-311.70672607421875
-6.001475811004639,-312.6683349609375
-6.105546951293945,-313.60247802734375
-6.263011455535889,-314.5045471191406
-6.472436904907227,-315.3700866699219
-6.731851100921631,-316.19500732421875
-7.038930892944336,-316.97564697265625
-7.390902519226074,-317.7086181640625
-7.7845139503479,-318.39068603515625
-8.216326713562012,-319.0190734863281
-8.682897567749023,-319.5917053222656
-9.180482864379883,-320.1067810058594
-9.705236434936523,-320.56304931640625
-10.252983093261719,-320.95941162109375
-10.819802284240723,-321.2961120605469
-11.402162551879883,-321.57415771484375
-11.996098518371582,-321.7943420410156
-12.598184585571289,-321.95904541015625
-13.206451416015625,-322.07232666015625
-13.820170402526855,-322.1389465332031
-14.438282012939453,-322.16412353515625
-15.060194969177246,-322.1533508300781
-15.685783386230469,-322.1120300292969
-16.31526756286621,-322.045166015625
-16.949085235595703,-321.9571228027344
-17.5877685546875,-321.8515930175781
-18.231863021850586,-321.7315673828125
-18.88188362121582,-321.5994567871094
-19.538270950317383,-321.45709228515625
-20.201412200927734,-321.305908203125
-20.871625900268555,-321.1470947265625
-21.549179077148438,-320.9815673828125
-22.23429298400879,-320.80999755859375
-22.927143096923828,-320.6330261230469
-23.62787628173828,-320.451171875
-24.336610794067383,-320.2648620605469
-25.053434371948242,-320.0743408203125
-25.778417587280273,-319.8800048828125
-26.511608123779297,-319.6819763183594
-27.25304412841797,-319.4806213378906
-28.00274658203125,-319.2760009765625
-28.760725021362305,-319.0682678222656
-29.526979446411133,-318.8576354980469
-30.301504135131836,-318.6441955566406
-31.08428192138672,-318.4280090332031
-31.875289916992188,-318.20916748046875
-32.67449951171875,-317.9877014160156
-33.48188400268555,-317.7637634277344
-34.29740905761719,-317.537353515625
-35.12103271484375,-317.3085021972656
-35.95272445678711,-317.0772705078125
-36.792442321777344,-316.84368896484375
-37.640140533447266,-316.6078186035156
-38.49577713012695,-316.3696594238281
-39.35803985595703,-316.1257629394531
-40.225738525390625,-315.87371826171875
-41.09857940673828,-315.61334228515625
-41.97617721557617,-315.343994140625
-42.858158111572266,-315.0651550292969
-43.74428939819336,-314.7764587402344
-44.63441848754883,-314.4777526855469
-45.52848434448242,-314.1690979003906
-46.42655563354492,-313.8507385253906
-47.32872772216797,-313.52294921875
-48.23506164550781,-313.18603515625
-49.14278030395508,-312.8357238769531
-50.04471969604492,-312.46392822265625
-50.9376220703125,-312.06805419921875
-51.819725036621094,-311.6463928222656
-52.68906784057617,-311.197265625
-53.54360580444336,-310.7192687988281
-54.38148498535156,-310.2114562988281
-55.20109176635742,-309.67352294921875
-56.00119400024414,-309.1055603027344
-56.78020477294922,-308.50775146484375
-57.537288665771484,-307.8807678222656
-58.26986312866211,-307.2246398925781
-58.97643280029297,-306.5401611328125
-59.657440185546875,-305.8288879394531
-60.31339645385742,-305.09234619140625
-60.94501876831055,-304.3319396972656
-61.5533447265625,-303.5491943359375
-62.139739990234375,-302.74554443359375
-62.70587921142578,-301.92254638671875
-63.25370407104492,-301.08160400390625
-63.78486633300781,-300.2239685058594
-64.30181121826172,-299.35113525390625
-64.80668640136719,-298.4643249511719
-65.2968521118164,-297.563232421875
-65.76872253417969,-296.64776611328125
-66.22298431396484,-295.7188415527344
-66.65956115722656,-294.7768249511719
-67.078125,-293.8221130371094
-67.47842407226562,-292.85498046875
-67.8604507446289,-291.8757629394531
-68.2244644165039,-290.8851013183594
-68.57074737548828,-289.8846435546875
-68.90003967285156,-288.8757629394531
-69.21358489990234,-287.8591613769531
-69.5128173828125,-286.8354187011719
-69.79927825927734,-285.8050842285156
-70.07457733154297,-284.76861572265625
-70.33722686767578,-283.72613525390625
-70.58670043945312,-282.6779479980469
-70.82403564453125,-281.6244812011719
-71.04981994628906,-280.5660705566406
-71.2645263671875,-279.5028991699219
-71.46869659423828,-278.4351501464844
-71.66301727294922,-277.36297607421875
-71.84831237792969,-276.2865295410156
-72.02555847167969,-275.2059020996094
-72.19580078125,-274.12127685546875
-72.36016082763672,-273.03265380859375
-72.51970672607422,-271.9402160644531
-72.67547607421875,-270.8440856933594
-72.82838439941406,-269.74432373046875
-72.97924041748047,-268.64111328125
-73.12873077392578,-267.53448486328125
-73.27741241455078,-266.424560546875
-73.42574310302734,-265.31146240234375
-73.57405853271484,-264.1951599121094
-73.72256469726562,-263.0758056640625
-73.8714370727539,-261.9533996582031
-74.02079010009766,-260.8279724121094
-74.17066955566406,-259.6995544433594
-74.32111358642578,-258.5682067871094
-74.47212219238281,-257.4339294433594
-74.62367248535156,-256.2967224121094
-74.77574920654297,-255.1566162109375
-74.93254852294922,-254.0145721435547
-75.0965347290039,-252.87136840820312
-75.26834106445312,-251.7273406982422
-75.448974609375,-250.5828857421875
-75.6393814086914,-249.43829345703125
-75.84019470214844,-248.2938690185547
-76.05168151855469,-247.14964294433594
-76.27372741699219,-246.00564575195312
-76.50592803955078,-244.86178588867188
-76.74758911132812,-243.71786499023438
-76.99781799316406,-242.5736541748047
-77.25559997558594,-241.4287872314453
-77.51991271972656,-240.28302001953125
-77.7896728515625,-239.1360321044922
-78.06392669677734,-237.98757934570312
-78.34178161621094,-236.83741760253906
-78.62247467041016,-235.68536376953125
-78.90534973144531,-234.5312957763672
-79.18990325927734,-233.37509155273438
-79.47573852539062,-232.2166748046875
-79.76255798339844,-231.05596923828125
-80.05119323730469,-229.89324951171875
-80.34210205078125,-228.72872924804688
-80.63536834716797,-227.5624542236328
-80.93122863769531,-226.39459228515625
-81.22994232177734,-225.22518920898438
-81.53166198730469,-224.05442810058594
-81.83651733398438,-222.88226318359375
-82.14449310302734,-221.70870971679688
-82.45550537109375,-220.53382873535156
-82.7694091796875,-219.35748291015625
-83.08602142333984,-218.17962646484375
-83.40506744384766,-217.00018310546875
-83.72633361816406,-215.81915283203125
-84.04956817626953,-214.6363983154297
-84.37454986572266,-213.451904296875
-84.7013168334961,-212.26568603515625
-85.02983093261719,-211.07774353027344
-85.35994720458984,-209.8881072998047
-85.69161987304688,-208.6967315673828
-86.02479553222656,-207.5037078857422
-86.35942840576172,-206.3090057373047
-86.69552612304688,-205.1125946044922
-87.03300476074219,-203.9145050048828
-87.37183380126953,-202.71473693847656
-87.7119140625,-201.51332092285156
-88.05316925048828,-200.31016540527344
-88.39551544189453,-199.1053466796875
-88.73467254638672,-197.89788818359375
-89.06780242919922,-196.68753051757812
-89.39376831054688,-195.47425842285156
-89.7110824584961,-194.25791931152344
-90.01829528808594,-193.0383758544922
-90.31428527832031,-191.81549072265625
-90.59828186035156,-190.5892333984375
-90.86990356445312,-189.35960388183594
-91.129150390625,-188.1266326904297
-91.37602996826172,-186.89036560058594
-91.61124420166016,-185.65097045898438
-91.83740997314453,-184.40884399414062
-92.05654907226562,-183.1642303466797
-92.27017974853516,-181.9174346923828
-92.4800796508789,-180.66867065429688
-92.68797302246094,-179.418212890625
-92.8955078125,-178.1663818359375
-93.10397338867188,-176.91336059570312
-93.31436157226562,-175.65933227539062
-93.52738952636719,-174.40432739257812
-93.74344635009766,-173.14840698242188
-93.96285247802734,-171.89166259765625
-94.18553161621094,-170.63400268554688
-94.41060638427734,-169.37527465820312
-94.6373519897461,-168.11534118652344
-94.86534881591797,-166.85414123535156
-95.09400177001953,-165.59153747558594
-95.32272338867188,-164.32749938964844
-95.55103302001953,-163.0619659423828
-95.77853393554688,-161.79481506347656
-96.00495147705078,-160.5260467529297
-96.23013305664062,-159.25559997558594
-96.45401763916016,-157.98345947265625
-96.6766357421875,-156.70960998535156
-96.8980712890625,-155.43408203125
-97.11845397949219,-154.15687561035156
-97.33792114257812,-152.87802124023438
-97.55661010742188,-151.5975341796875
-97.77371978759766,-150.3153076171875
-97.98877716064453,-149.03135681152344
-98.20169067382812,-147.7457733154297
-98.41228485107422,-146.45851135253906
-98.62033081054688,-145.1696014404297
-98.82569885253906,-143.87904357910156
-99.02835845947266,-142.5868377685547
-99.22821044921875,-141.29296875
-99.42544555664062,-139.99745178222656
-99.62030792236328,-138.70033264160156
-99.81297302246094,-137.40159606933594
-100.00373077392578,-136.10130310058594
-100.19288635253906,-134.79946899414062
-100.38072967529297,-133.49612426757812
-100.5675277709961,-132.1913299560547
-100.75352478027344,-130.88511657714844
-100.94107818603516,-129.57791137695312
-101.13176727294922,-128.2701416015625
-101.32618713378906,-126.96205139160156
-101.52518463134766,-125.65386199951172
-101.72956848144531,-124.34579467773438
-101.93988037109375,-123.03800201416016
-102.15652465820312,-121.73053741455078
-102.37957763671875,-120.42342376708984
-102.60916900634766,-119.1166763305664
-102.84490203857422,-117.8102035522461
-103.08625030517578,-116.50384521484375
-103.33269500732422,-115.19747924804688
-103.58363342285156,-113.89095306396484
-103.83851623535156,-112.58412170410156
-104.09673309326172,-111.27681732177734
-104.36143493652344,-109.97000122070312
-104.63446807861328,-108.66446685791016
-104.9162368774414,-107.36058044433594
-105.20765686035156,-106.05875396728516
-105.50961303710938,-104.75934600830078
-105.82283020019531,-103.46268463134766
-106.14772033691406,-102.16893005371094
-106.48434448242188,-100.87815856933594
-106.83243560791016,-99.59027099609375
-107.19143676757812,-98.3050765991211
-107.56053161621094,-97.02228546142578
-107.93875885009766,-95.74153900146484
-108.32502746582031,-94.46244049072266
-108.71823120117188,-93.18458557128906
-109.11727142333984,-91.90758514404297
-109.5211181640625,-90.6310806274414
-109.92887115478516,-89.35481262207031
-110.33631896972656,-88.07754516601562
-110.73999786376953,-86.7985610961914
-111.13848114013672,-85.51769256591797
-111.53003692626953,-84.23460388183594
-111.91313171386719,-82.94895935058594
-112.28659057617188,-81.66055297851562
-112.64966583251953,-80.36922454833984
-113.00206756591797,-79.07490539550781
-113.34355163574219,-77.7775650024414
-113.67474365234375,-76.47732543945312
-113.99658203125,-75.17431640625
-114.31000518798828,-73.86870574951172
-114.61599731445312,-72.5606460571289
-114.91571044921875,-71.25035095214844
-115.21039581298828,-69.93804931640625
-115.50118255615234,-68.62398529052734
-115.78903198242188,-67.30836486816406
-116.07479095458984,-65.99134826660156
-116.36359405517578,-64.67438507080078
-116.66020965576172,-63.35928726196289
-116.96620178222656,-62.04676055908203
-117.28356170654297,-60.73761749267578
-117.61415100097656,-59.432586669921875
-117.96011352539062,-58.132572174072266
-118.32205963134766,-56.83794403076172
-118.70010375976562,-55.54879379272461
-119.09418487548828,-54.265140533447266
-119.50373077392578,-52.98678207397461
-119.92768096923828,-51.713294982910156
-120.3649673461914,-50.444217681884766
-120.81390380859375,-49.178836822509766
-121.27264404296875,-47.916419982910156
-121.73951721191406,-46.65629196166992
-122.21286010742188,-45.39781951904297
-122.691162109375,-44.140380859375
-123.17310333251953,-42.88344955444336
-123.65758514404297,-41.62659454345703
-124.1436767578125,-40.36941146850586
-124.6314926147461,-39.111961364746094
-125.12105560302734,-37.85428237915039
-125.61222076416016,-36.59634780883789
-126.10516357421875,-35.33823776245117
-126.5999984741211,-34.08002853393555
-127.09690856933594,-32.821800231933594
-127.59605407714844,-31.563617706298828
-128.09751892089844,-30.30550765991211
-128.60134887695312,-29.04746437072754
-129.10745239257812,-27.78945541381836
-129.61575317382812,-26.53141975402832
-130.12606811523438,-25.27327537536621
-130.6382293701172,-24.01494598388672
-131.15206909179688,-22.756338119506836
-131.6673583984375,-21.497365951538086
-132.18394470214844,-20.237957000732422
-132.70123291015625,-18.977880477905273
-133.21884155273438,-17.71700668334961
-133.7365264892578,-16.45527458190918
-134.25401306152344,-15.192602157592773
-134.77110290527344,-13.928911209106445
-135.2875213623047,-12.664114952087402
-135.80322265625,-11.398189544677734
-136.31814575195312,-10.131117820739746
-136.83230590820312,-8.862895011901855
-137.3457489013672,-7.593531131744385
-137.85855102539062,-6.323057174682617
-138.37083435058594,-5.051511287689209
-138.8826904296875,-3.7789385318756104
-139.39427185058594,-2.505390167236328
-139.90567016601562,-1.2309131622314453
-140.41700744628906,0.044447172433137894
-140.92678833007812,1.3212080001831055
-141.43405151367188,2.599595785140991
-141.93844604492188,3.8796327114105225
-142.43942260742188,5.161438465118408
-142.93626403808594,6.445221900939941
-143.42864990234375,7.731062889099121
-143.9164276123047,9.019018173217773
-144.39930725097656,10.309187889099121
-144.8774871826172,11.601523399353027
-145.35133361816406,12.895936012268066
-145.82119750976562,14.192337036132812
-146.28753662109375,15.490605354309082
-146.75086975097656,16.790590286254883
-147.211669921875,18.092132568359375
-147.6704864501953,19.39507293701172
-148.127685546875,20.699262619018555
-148.58445739746094,22.004310607910156
-149.04151916503906,23.309886932373047
-149.4993133544922,24.61579132080078
-149.95831298828125,25.921825408935547
-150.41893005371094,27.227819442749023
-150.88148498535156,28.53365135192871
-151.34619140625,29.83925437927246
-151.8129119873047,31.144683837890625
-152.28175354003906,32.44993591308594
-152.75274658203125,33.75502014160156
-153.22569274902344,35.05999755859375
-153.70045471191406,36.36494445800781
-154.17686462402344,37.669921875
-154.6547393798828,38.975006103515625
-155.12777709960938,40.281883239746094
-155.59535217285156,41.59034729003906
-156.05868530273438,42.90019989013672
-156.51634216308594,44.21189880371094
-156.96714782714844,45.52584457397461
-157.41085815429688,46.84211730957031
-157.8475799560547,48.16073989868164
-158.27755737304688,49.48170471191406
-158.7012939453125,50.80491256713867
-159.11952209472656,52.13022994995117
-159.53297424316406,53.45744323730469
-159.9424591064453,54.78635787963867
-160.34877014160156,56.11674118041992
-160.74501037597656,57.44949722290039
-161.12127685546875,58.78451919555664
-161.4744415283203,60.12137985229492
-161.80050659179688,61.4599609375
-162.0951690673828,62.79998779296875
-162.35438537597656,64.1408462524414
-162.574462890625,65.48165130615234
-162.75209045410156,66.82123565673828
-162.88458251953125,68.15801239013672
-162.96957397460938,69.49006652832031
-163.00535583496094,70.81529235839844
-162.98886108398438,72.12979125976562
-162.91677856445312,73.42762756347656
-162.78944396972656,74.70556640625
-162.607421875,75.96077728271484
-162.37139892578125,77.1904067993164
-162.0824737548828,78.3917236328125
-161.7417755126953,79.56202697753906
-161.35032653808594,80.6983642578125
-160.9097137451172,81.79712677001953
-160.42141723632812,82.85432434082031
-159.88735961914062,83.867431640625
-159.30943298339844,84.83396911621094
-158.69027709960938,85.75518035888672
-158.0321807861328,86.63430786132812
-157.33595275878906,87.46683502197266
-156.60487365722656,88.24564361572266
-155.84375,88.96724700927734
-155.05584716796875,89.63093566894531
-154.24386596679688,90.23675537109375
-153.4093475341797,90.78541564941406
-152.5537109375,91.28132629394531
-151.67782592773438,91.7301254272461
-150.78318786621094,92.13226318359375
-149.87152099609375,92.4891586303711
-148.94447326660156,92.80303192138672
-148.0036163330078,93.07657623291016
-147.0503387451172,93.31309509277344
-146.08590698242188,93.5158462524414
-145.11138916015625,93.6880874633789
-144.127685546875,93.8328628540039
-143.135498046875,93.95285034179688
-142.13536071777344,94.05078887939453
-141.1276397705078,94.12928771972656
-140.11256408691406,94.19071197509766
-139.09027099609375,94.23723602294922
-138.0607452392578,94.27082061767578
-137.02401733398438,94.29303741455078
-135.98016357421875,94.30585479736328
-134.9292449951172,94.3111343383789
-133.87147521972656,94.3104476928711
-132.80824279785156,94.30520629882812
-131.740478515625,94.29666900634766
-130.66848754882812,94.28591918945312
-129.59243774414062,94.2738037109375
-128.51248168945312,94.260986328125
-127.42875671386719,94.24795532226562
-126.34130859375,94.23504638671875
-125.25022888183594,94.22246551513672
-124.15558624267578,94.21034240722656
-123.05741119384766,94.19873809814453
-121.95574951171875,94.18766021728516
-120.85062408447266,94.17707061767578
-119.74208068847656,94.16690826416016
-118.63014221191406,94.15714263916016
-117.5148696899414,94.147705078125
-116.39625549316406,94.13854217529297
-115.27434539794922,94.12960052490234
-114.149169921875,94.12081909179688
-113.020751953125,94.11219787597656
-111.88910675048828,94.10369110107422
-110.75430297851562,94.09528350830078
-109.6163558959961,94.08695983886719
-108.47528839111328,94.0787124633789
-107.33113861083984,94.070556640625
-106.18392944335938,94.06246185302734
-105.03370666503906,94.054443359375
-103.88047790527344,94.04650115966797
-102.72427368164062,94.03864288330078
-101.56515502929688,94.03086853027344
-100.40309143066406,94.02316284179688
-99.2381591796875,94.01554107666016
-98.07036590576172,94.00801849365234
-96.89974212646484,94.00056457519531
-95.726318359375,93.99319458007812
-94.55011749267578,93.98590850830078
-93.37114715576172,93.97869873046875
-92.18946838378906,93.9715805053711
-91.00509643554688,93.96453857421875
-89.81802368164062,93.95756530761719
-88.62828826904297,93.95068359375
-87.4359130859375,93.94386291503906
-86.240966796875,93.93711853027344
-85.04346466064453,93.93043518066406
-83.84341430664062,93.92383575439453
-82.64085388183594,93.91728973388672
-81.435791015625,93.91079711914062
-80.22818756103516,93.90437316894531
-79.01811981201172,93.89801788330078
-77.80564880371094,93.89171600341797
-76.5908203125,93.88548278808594
-75.37364196777344,93.8792953491211
-74.15409851074219,93.87316131591797
-72.9322280883789,93.86708068847656
-71.70800018310547,93.86105346679688
-70.48145294189453,93.8550796508789
-69.252685546875,93.84915161132812
-68.02172088623047,93.84327697753906
-66.78856658935547,93.83744049072266
-65.55321502685547,93.83165740966797
-64.31568145751953,93.8259048461914
-63.07595443725586,93.8202133178711
-61.83406448364258,93.81455993652344
-60.59009552001953,93.8089370727539
-59.34408950805664,93.80335998535156
-58.09603500366211,93.79782104492188
-56.84593963623047,93.79232025146484
-55.59381866455078,93.7868423461914
-54.33963394165039,93.78141021728516
-53.08344650268555,93.7760238647461
-51.82532501220703,93.77066040039062
-50.56531524658203,93.76532745361328
-49.30339813232422,93.76004028320312
-48.03957748413086,93.7547607421875
-46.77387237548828,93.74952697753906
-45.50625991821289,93.74431610107422
-44.23676681518555,93.73912811279297
-42.9654426574707,93.7339859008789
-41.6923828125,93.72884368896484
-40.417545318603516,93.72374725341797
-39.14093780517578,93.71866607666016
-37.862579345703125,93.713623046875
-36.58246612548828,93.70858001708984
-35.300575256347656,93.70358276367188
-34.016971588134766,93.69860076904297
-32.73175048828125,93.69363403320312
-31.444896697998047,93.68869018554688
-30.156400680541992,93.68375396728516
-28.866268157958984,93.67886352539062
-27.574508666992188,93.6739730834961
-26.281089782714844,93.66910552978516
-24.986066818237305,93.66426849365234
-23.689538955688477,93.659423828125
-22.39150047302246,93.65461730957031
-21.09193229675293,93.64981842041016
-19.79084587097168,93.64503479003906
-18.48824691772461,93.64025115966797
-17.184099197387695,93.63551330566406
-15.878458976745605,93.63076782226562
-14.571409225463867,93.62602996826172
-13.262967109680176,93.6213150024414
-11.953109741210938,93.61663055419922
-10.641841888427734,93.6119384765625
-9.329170227050781,93.60724639892578
-8.015055656433105,93.60258483886719
-6.699548244476318,93.59793853759766
-5.382731914520264,93.59329986572266
-4.0646281242370605,93.58866119384766
-2.7452101707458496,93.58401489257812
-1.4244816303253174,93.57939910888672
-0.10244979709386826,93.57481384277344
1.220925211906433,93.5702133178711
2.545597553253174,93.56562042236328
3.8714816570281982,93.56103515625
5.198556900024414,93.55643463134766
6.526851654052734,93.55187225341797
7.856363296508789,93.54733276367188
9.18708610534668,93.54279327392578
10.519062042236328,93.53823852539062
11.852246284484863,93.53369903564453
13.18654727935791,93.52915954589844
14.521955490112305,93.52462005615234
15.858494758605957,93.52006530761719
17.196163177490234,93.51554107666016
18.534957885742188,93.51105499267578
19.874916076660156,93.50656127929688
21.215988159179688,93.50205993652344
22.55809211730957,93.49756622314453
23.901227951049805,93.49307250976562
25.24541664123535,93.48857879638672
26.59067153930664,93.48409271240234
27.936981201171875,93.4795913696289
29.2843074798584,93.47509765625
30.63262939453125,93.4706039428711
31.981950759887695,93.46611022949219
33.332271575927734,93.46161651611328
34.68357467651367,93.45714569091797
36.03585433959961,93.45270538330078
37.38910675048828,93.44824981689453
38.74332809448242,93.44380950927734
40.09849166870117,93.43936157226562
41.45459747314453,93.43492126464844
42.8116455078125,93.43047332763672
44.16960906982422,93.42603302001953
45.52849197387695,93.42159271240234
46.88827896118164,93.41714477539062
48.24896240234375,93.41270446777344
49.61054229736328,93.40824890136719
50.97299575805664,93.40380859375
52.336326599121094,93.39936065673828
53.70051956176758,93.3949203491211
55.065589904785156,93.3904800415039
56.43150329589844,93.38603210449219
57.79823303222656,93.381591796875
59.1657829284668,93.37714385986328
60.53416442871094,93.3727035522461
61.90339279174805,93.3682632446289
63.2734260559082,93.36381530761719
64.64421844482422,93.359375
66.01577758789062,93.35492706298828
67.38811492919922,93.35047912597656
68.76124572753906,93.34603118896484
70.1351547241211,93.34159088134766
71.50981140136719,93.33714294433594
72.8851547241211,93.33270263671875
74.2612533569336,93.32826232910156
75.63807678222656,93.32381439208984
77.01565551757812,93.31937408447266
78.39395141601562,93.31492614746094
79.77291107177734,93.31048583984375
81.15254974365234,93.30604553222656
82.53288269042969,93.30159759521484
83.91390228271484,93.29715728759766
85.29561614990234,93.29270935058594
86.677978515625,93.28826904296875
88.06100463867188,93.28382873535156
89.44466400146484,93.27938079833984
90.8289794921875,93.27493286132812
