90.0,93.0
90.0,93.0
90.0,93.0
90.0,93.0
90.0,93.0
90.0,93.0
90.0,93.0
90.0,93.0
90.00067901611328,93.00007629394531
90.0011978149414,93.00059509277344
90.00252532958984,93.00051879882812
90.00259399414062,93.00053405761719
90.00235748291016,93.0004653930664
90.00206756591797,93.00045776367188
90.02200317382812,93.0025634765625
90.07777404785156,93.01077270507812
90.1603012084961,93.02392578125
90.26148986816406,93.04081726074219
90.37623596191406,93.06072235107422
90.50289916992188,93.08364868164062
90.64048767089844,93.11002349853516
90.78882598876953,93.13951110839844
90.94770050048828,93.17214965820312
91.11698150634766,93.20825958251953
91.2966079711914,93.24796295166016
91.48640441894531,93.29139709472656
91.68587493896484,93.33930206298828
91.89521026611328,93.390869140625
92.11436462402344,93.44597625732422
92.34327697753906,93.50486755371094
92.58197784423828,93.5676040649414
92.83050537109375,93.63410186767578
93.08476257324219,93.70298767089844
93.34022521972656,93.77330017089844
93.59846496582031,93.84459686279297
93.86197662353516,93.91706848144531
94.13291931152344,93.9903564453125
94.41281127929688,94.06599426269531
94.70510864257812,94.14418029785156
95.0093994140625,94.22511291503906
95.3236312866211,94.30758666992188
95.64885711669922,94.39275360107422
95.9860610961914,94.4794921875
96.33489990234375,94.56787872314453
96.69505310058594,94.65723419189453
97.06640625,94.74784851074219
97.44911193847656,94.83887481689453
97.84308624267578,94.9305191040039
98.24851989746094,95.02201843261719
98.66533660888672,95.11354064941406
99.0936508178711,95.20433044433594
99.53334045410156,95.29454040527344
99.9844741821289,95.38349151611328
100.44692993164062,95.47129821777344
100.92076110839844,95.55723571777344
101.40584564208984,95.64143371582031
101.9022445678711,95.72329711914062
102.409912109375,95.802978515625
102.928955078125,95.87993621826172
103.45915985107422,95.95430755615234
104.00045776367188,96.0255355834961
104.55256652832031,96.09381866455078
105.11544036865234,96.15886688232422
105.68888092041016,96.22075653076172
106.27275085449219,96.279296875
106.86681365966797,96.33452606201172
107.47093200683594,96.38634490966797
108.08496856689453,96.43484497070312
108.70877838134766,96.4799575805664
109.3422622680664,96.5218276977539
109.98532104492188,96.56046295166016
110.63783264160156,96.59602355957031
111.29972076416016,96.6285629272461
111.9709243774414,96.65803527832031
112.65135192871094,96.68470764160156
113.34095764160156,96.70875549316406
114.0396957397461,96.7303237915039
114.74752807617188,96.74954223632812
115.46439361572266,96.76654815673828
116.19025421142578,96.78150939941406
116.9250717163086,96.79457092285156
117.6688232421875,96.80587005615234
118.42144012451172,96.81553649902344
119.18290710449219,96.8237075805664
119.95316314697266,96.83051300048828
120.73218536376953,96.8360824584961
121.5199203491211,96.84051513671875
122.31631469726562,96.84391021728516
123.12135314941406,96.84639739990234
123.93497467041016,96.84803771972656
124.75590515136719,96.84345245361328
125.578125,96.82096099853516
126.39463806152344,96.77173614501953
127.19889068603516,96.68875885009766
127.9866943359375,96.56765747070312
128.7565460205078,96.40632629394531
129.50743103027344,96.20365142822266
130.23834228515625,95.95945739746094
130.9505157470703,95.67565155029297
131.6470489501953,95.35551452636719
132.32981872558594,95.002685546875
133.00192260742188,94.62215423583984
133.66470336914062,94.21607971191406
134.32273864746094,93.79106903076172
134.98281860351562,93.35804748535156
135.64964294433594,92.92561340332031
136.32725524902344,92.50189971923828
137.01840209960938,92.09373474121094
137.7245635986328,91.70636749267578
138.44635009765625,91.34334564208984
139.18362426757812,91.00811004638672
139.93580627441406,90.70233917236328
140.70211791992188,90.42694091796875
141.4815216064453,90.18258666992188
142.27301025390625,89.9692153930664
143.07553100585938,89.78616333007812
143.88818359375,89.63211822509766
144.7101593017578,89.50534057617188
145.54071044921875,89.4047622680664
146.37937927246094,89.3272933959961
147.22593688964844,89.26973724365234
148.0802459716797,89.22945404052734
148.9422149658203,89.20372772216797
149.81187438964844,89.18991088867188
150.68930053710938,89.18550872802734
151.57456970214844,89.18830108642578
152.46774291992188,89.19630432128906
153.3688201904297,89.2079086303711
154.2777862548828,89.22172546386719
155.19461059570312,89.23668670654297
156.1192626953125,89.2519302368164
157.0517120361328,89.26680755615234
157.9918670654297,89.28080749511719
158.93972778320312,89.29363250732422
159.8952178955078,89.30501556396484
160.85829162597656,89.31485748291016
161.82894897460938,89.32311248779297
162.80709838867188,89.32976531982422
163.792724609375,89.3348617553711
164.78579711914062,89.33838653564453
165.78628540039062,89.340087890625
166.7940216064453,89.33877563476562
167.80882263183594,89.33316040039062
168.8305206298828,89.32257843017578
169.8588104248047,89.30487060546875
170.89303588867188,89.27664184570312
171.93247985839844,89.23506927490234
172.9763641357422,89.17742919921875
174.02374267578125,89.10096740722656
175.07281494140625,89.00199890136719
176.12074279785156,88.87699890136719
177.16542053222656,88.72322845458984
178.2047882080078,88.53816986083984
179.2367706298828,88.31976318359375
180.25875854492188,88.06578826904297
181.26817321777344,87.77456665039062
182.26263427734375,87.44473266601562
183.24061584472656,87.07527160644531
184.19937133789062,86.66529846191406
185.13604736328125,86.21449279785156
186.04798889160156,85.7229995727539
186.93299865722656,85.19135284423828
187.7889404296875,84.62046813964844
188.61338806152344,84.01124572753906
189.404296875,83.36493682861328
190.1596221923828,82.6830062866211
190.8776397705078,81.96708679199219
191.55686950683594,81.21900939941406
192.1959686279297,80.440673828125
192.79383850097656,79.63406372070312
193.34950256347656,78.80127716064453
193.86219787597656,77.94441223144531
194.3317413330078,77.06556701660156
194.75791931152344,76.16683959960938
195.1409149169922,75.2502212524414
195.48130798339844,74.317626953125
195.78033447265625,73.37080383300781
196.03956604003906,72.41130828857422
196.26101684570312,71.44049835205078
196.4472198486328,70.45951080322266
196.6012725830078,69.46923828125
196.7262725830078,68.47040557861328
196.82498168945312,67.46356964111328
196.90054321289062,66.4490737915039
196.95587158203125,65.42717742919922
196.9929962158203,64.39818572998047
197.01255798339844,63.362548828125
197.01458740234375,62.320823669433594
196.99978637695312,61.273406982421875
196.9657440185547,60.22127151489258
196.90940856933594,59.16607666015625
196.8279266357422,58.11054611206055
196.71774291992188,57.057167053222656
196.57644653320312,56.00784683227539
196.40069580078125,54.965389251708984
196.1874237060547,53.933074951171875
195.93467712402344,52.91365432739258
195.64027404785156,51.91056442260742
195.30238342285156,50.926517486572266
194.92027282714844,49.964881896972656
194.493408203125,49.02939224243164
194.02194213867188,48.12400436401367
193.50657653808594,47.2524299621582
192.9484405517578,46.41844940185547
192.34927368164062,45.62542724609375
191.71095275878906,44.87649154663086
191.03591918945312,44.174007415771484
190.32655334472656,43.520301818847656
189.5855255126953,42.91689682006836
188.81552124023438,42.36467361450195
188.0193328857422,41.865116119384766
187.19979858398438,41.41841125488281
186.35931396484375,41.022098541259766
185.5,40.673126220703125
184.6237030029297,40.36820983886719
183.73223876953125,40.102901458740234
182.82717895507812,39.871543884277344
181.91017150878906,39.6675910949707
180.9826202392578,39.48351287841797
180.04591369628906,39.31138229370117
179.10142517089844,39.14362716674805
178.15042114257812,38.97378158569336
177.19407653808594,38.79697799682617
176.23329162597656,38.609893798828125
175.2687530517578,38.41045379638672
174.3008575439453,38.19752883911133
173.32986450195312,37.97072982788086
172.35598754882812,37.72966766357422
171.37901306152344,37.4753532409668
170.39859008789062,37.209075927734375
169.4142303466797,36.932003021240234
168.42550659179688,36.64552307128906
167.431884765625,36.35111618041992
166.43295288085938,36.05027770996094
165.4282989501953,35.744258880615234
164.4168701171875,35.43979263305664
163.39913940429688,35.150753021240234
162.37844848632812,34.889156341552734
161.3599853515625,34.665245056152344
160.34922790527344,34.48637390136719
159.35023498535156,34.357234954833984
158.36880493164062,34.285545349121094
157.41026306152344,34.27381896972656
156.47621154785156,34.31477355957031
155.5720672607422,34.40864181518555
154.70623779296875,34.55953598022461
153.8802490234375,34.75925064086914
153.09716796875,35.00382614135742
152.36117553710938,35.2906608581543
151.6761016845703,35.616600036621094
151.0460968017578,35.978515625
150.4736328125,36.37368392944336
149.95989990234375,36.80036163330078
149.50637817382812,37.25507354736328
149.1138153076172,37.73417282104492
148.78221130371094,38.23403549194336
148.5111541748047,38.750492095947266
148.2990264892578,39.279632568359375
148.14349365234375,39.817665100097656
148.0414276123047,40.36112976074219
147.98875427246094,40.907310485839844
147.98020935058594,41.45462417602539
148.01084899902344,42.00238037109375
148.0766143798828,42.550350189208984
148.17361450195312,43.09807205200195
148.29864501953125,43.64531707763672
148.44924926757812,44.19192886352539
148.62399291992188,44.73723220825195
148.81973266601562,45.28218078613281
149.03372192382812,45.82765197753906
149.26429748535156,46.374290466308594
149.5096893310547,46.922855377197266
149.7682647705078,47.47426986694336
150.03826904296875,48.029510498046875
150.31808471679688,48.589599609375
150.6048583984375,49.15620040893555
150.89651489257812,49.73055648803711
151.19149780273438,50.3134765625
151.48904418945312,50.90530776977539
151.78765869140625,51.506649017333984
152.08541870117188,52.11817932128906
152.38046264648438,52.74042892456055
152.6700897216797,53.374046325683594
152.95054626464844,54.019710540771484
153.21974182128906,54.677547454833984
153.47450256347656,55.34770965576172
153.70924377441406,56.02997589111328
153.91680908203125,56.722679138183594
154.0889129638672,57.42156219482422
154.21896362304688,58.12139129638672
154.3033905029297,58.8177604675293
154.33984375,59.50654602050781
154.32521057128906,60.18308639526367
154.2565155029297,60.83971405029297
154.16363525390625,61.48082733154297
154.03689575195312,62.10307312011719
153.8720703125,62.70081329345703
153.6757354736328,63.27738952636719
153.44827270507812,63.82906723022461
153.1854705810547,64.32567596435547
152.90208435058594,64.79641723632812
152.5924530029297,65.23592376708984
152.2626495361328,65.64591979980469
151.910400390625,66.01832580566406
151.52398681640625,66.3287124633789
151.11114501953125,66.58134460449219
150.67880249023438,66.78278350830078
150.23147583007812,66.93830871582031
149.7729034423828,67.05388641357422
149.30575561523438,67.13488006591797
148.83212280273438,67.18693542480469
148.3535919189453,67.21285247802734
147.87020874023438,67.21733856201172
147.38145446777344,67.20366668701172
146.88719177246094,67.17389678955078
146.38710021972656,67.1297378540039
145.8807830810547,67.07288360595703
145.3681640625,67.0032730102539
144.84849548339844,66.9234390258789
144.3214569091797,66.83391571044922
143.78631591796875,66.73681640625
143.24246215820312,66.63375091552734
142.68948364257812,66.52567291259766
142.12705993652344,66.41339874267578
141.5548858642578,66.29792022705078
140.9728240966797,66.179931640625
140.380859375,66.05977630615234
139.77899169921875,65.93798065185547
139.16708374023438,65.81566619873047
138.5452117919922,65.69347381591797
137.91343688964844,65.57181549072266
137.2718963623047,65.45108032226562
136.62060546875,65.33158874511719
135.95965576171875,65.213623046875
135.2891387939453,65.09737396240234
134.609130859375,64.9830093383789
133.91966247558594,64.87061309814453
133.22084045410156,64.7602310180664
132.51271057128906,64.65188598632812
131.79534912109375,64.54554748535156
131.06881713867188,64.44129180908203
130.33314514160156,64.3389663696289
129.58843994140625,64.2384033203125
128.83474731445312,64.13949584960938
128.07212829589844,64.04212188720703
127.30062866210938,63.94614028930664
126.52027893066406,63.85150146484375
125.73118591308594,63.757991790771484
124.93338775634766,63.6654167175293
124.126953125,63.57362747192383
123.3118896484375,63.48248291015625
122.48828887939453,63.39183807373047
121.65618896484375,63.30155563354492
120.81564331054688,63.21148681640625
119.96671295166016,63.12152099609375
119.10944366455078,63.03160095214844
118.243896484375,62.941585540771484
117.37010192871094,62.85136032104492
116.48814392089844,62.7608528137207
115.5980453491211,62.669979095458984
114.69985961914062,62.57866668701172
113.79364776611328,62.48684310913086
112.87947082519531,62.39445114135742
111.95735931396484,62.30141067504883
111.02738189697266,62.20766067504883
110.08961486816406,62.11294174194336
109.14414978027344,62.016990661621094
108.1910400390625,61.91965103149414
107.2304458618164,61.820491790771484
106.26248931884766,61.7190055847168
105.28731536865234,61.61478805541992
104.30504608154297,61.5073127746582
103.31584930419922,61.39606857299805
102.31990051269531,61.28052520751953
101.3173599243164,61.160125732421875
100.30841827392578,61.03433609008789
99.293212890625,60.90264129638672
98.27197265625,60.76455307006836
97.24483489990234,60.61960983276367
96.21198272705078,60.46735763549805
95.17359924316406,60.30740737915039
94.1301040649414,60.13941192626953
93.08267211914062,59.96320724487305
92.0318374633789,59.778564453125
90.97782897949219,59.585243225097656
89.92091369628906,59.38307571411133
88.861328125,59.17186737060547
87.79924011230469,58.95151901245117
86.73483276367188,58.72188949584961
85.66828155517578,58.48289108276367
84.59972381591797,58.234432220458984
83.529296875,57.97646713256836
82.45714569091797,57.70897674560547
81.38339233398438,57.43191146850586
80.3080825805664,57.14541244506836
79.2313461303711,56.84950256347656
78.15328216552734,56.54413986206055
77.07422637939453,56.228759765625
75.99464416503906,55.90258026123047
74.91513061523438,55.56471252441406
73.83641052246094,55.213993072509766
72.75910949707031,54.849544525146484
71.6847915649414,54.46891403198242
70.61516571044922,54.06981658935547
69.55174255371094,53.65050506591797
68.4962158203125,53.20914840698242
67.4504165649414,52.74395751953125
66.41624450683594,52.25334167480469
65.39567565917969,51.73591232299805
64.39069366455078,51.1905517578125
63.40322494506836,50.61643981933594
62.43525314331055,50.01296615600586
61.4886589050293,49.37976837158203
60.56523895263672,48.716819763183594
59.6666259765625,48.02428436279297
58.79434585571289,47.30257797241211
57.94929885864258,46.55250549316406
57.1323127746582,45.77492141723633
56.34391784667969,44.97088623046875
55.58426284790039,44.14160919189453
54.85308837890625,43.28842544555664
54.14962387084961,42.412803649902344
53.47271728515625,41.51630783081055
52.82073211669922,40.60053634643555
52.19171142578125,39.6671028137207
51.583290100097656,38.71765899658203
50.99333572387695,37.75364303588867
50.41929244995117,36.776580810546875
49.858245849609375,35.78806686401367
49.30715560913086,34.78969955444336
48.76350402832031,33.782859802246094
48.22500228881836,32.768775939941406
47.68954849243164,31.74859619140625
47.15543746948242,30.72323226928711
46.621673583984375,29.693256378173828
46.08761215209961,28.659034729003906
45.55287551879883,27.620773315429688
45.01744842529297,26.578521728515625
44.481590270996094,25.532236099243164
43.94569396972656,24.48180389404297
43.41019058227539,23.42707633972168
42.87553787231445,22.367916107177734
42.34214401245117,21.304180145263672
41.81043243408203,20.23572540283203
41.28055953979492,19.16253089904785
40.75271224975586,18.084552764892578
40.22679901123047,17.001850128173828
39.70261001586914,15.914546966552734
39.17992401123047,14.822755813598633
38.65884780883789,13.726449012756348
38.14030838012695,12.625292778015137
37.6274299621582,11.51828670501709
37.124359130859375,10.404410362243652
36.63560485839844,9.282870292663574
36.16473388671875,8.153172492980957
35.71864318847656,7.014885902404785
35.30694580078125,5.868779182434082
34.93624496459961,4.716740608215332
34.61292266845703,3.561461925506592
34.34165954589844,2.4061410427093506
34.126365661621094,1.2549675703048706
33.969818115234375,0.11270637065172195
33.87356948852539,-1.0155589580535889
33.8381233215332,-2.1247127056121826
33.8631477355957,-3.209620475769043
33.94736099243164,-4.265194892883301
34.08894348144531,-5.286571025848389
34.28550338745117,-6.269184589385986
34.53419876098633,-7.208756446838379
34.83182144165039,-8.101346015930176
35.17486572265625,-8.943399429321289
35.55960464477539,-9.731668472290039
35.98210144042969,-10.463284492492676
36.43836212158203,-11.135595321655273
36.92426300048828,-11.74649429321289
37.435508728027344,-12.294028282165527
37.96780014038086,-12.776639938354492
38.5170783996582,-13.193015098571777
39.07941436767578,-13.54240894317627
39.6511116027832,-13.824481010437012
40.228843688964844,-14.039726257324219
40.8101921081543,-14.18979549407959
41.39395523071289,-14.278142929077148
41.97905731201172,-14.309845924377441
42.56574249267578,-14.292750358581543
43.15382766723633,-14.233165740966797
43.74481201171875,-14.141167640686035
44.340782165527344,-14.02649974822998
44.943363189697266,-13.896989822387695
45.55376052856445,-13.758562088012695
46.172767639160156,-13.615158081054688
46.80080032348633,-13.469292640686035
47.43806457519531,-13.322205543518066
48.08457565307617,-13.174281120300293
48.73998260498047,-13.024096488952637
49.40399169921875,-12.8704833984375
50.07622528076172,-12.712303161621094
50.756126403808594,-12.548110008239746
51.44232177734375,-12.374656677246094
52.13344955444336,-12.189175605773926
52.82830810546875,-11.989680290222168
53.52558517456055,-11.77415943145752
54.22775650024414,-11.550277709960938
54.937801361083984,-11.333250045776367
55.65480041503906,-11.130637168884277
56.37498474121094,-10.953740119934082
57.09595489501953,-10.809921264648438
57.81861877441406,-10.700234413146973
58.54477310180664,-10.622559547424316
59.27655792236328,-10.570743560791016
60.0146598815918,-10.537075996398926
60.75916290283203,-10.521344184875488
61.50981903076172,-10.515604972839355
62.26492691040039,-10.505703926086426
63.02323913574219,-10.483710289001465
63.78340530395508,-10.442262649536133
64.54438018798828,-10.376518249511719
65.30424499511719,-10.282033920288086
66.06111907958984,-10.155996322631836
66.81336975097656,-9.996824264526367
67.55872344970703,-9.802892684936523
68.29586029052734,-9.574288368225098
69.02409362792969,-9.31196117401123
69.74291229248047,-9.017110824584961
70.45223236083984,-8.691460609436035
71.15259552001953,-8.337164878845215
71.84503936767578,-7.956825256347656
72.531005859375,-7.553199768066406
73.21227264404297,-7.129154682159424
73.89077758789062,-6.687532424926758
74.56978607177734,-6.232868671417236
75.25286865234375,-5.770558834075928
75.94348907470703,-5.306711196899414
76.64508056640625,-4.849551677703857
77.3604965209961,-4.409659385681152
78.09088134765625,-3.9919304847717285
78.83634948730469,-3.603182554244995
79.5950927734375,-3.2516674995422363
80.36543273925781,-2.9418771266937256
81.14571380615234,-2.679969310760498
81.93289947509766,-2.468233346939087
82.7235336303711,-2.306389570236206
83.51412200927734,-2.1954944133758545
84.30070495605469,-2.139892101287842
85.08000183105469,-2.1389000415802
85.8490219116211,-2.1905057430267334
86.60623168945312,-2.2917234897613525
87.34992980957031,-2.4424726963043213
88.07772064208984,-2.6421828269958496
88.78807067871094,-2.888869047164917
89.48045349121094,-3.1796934604644775
90.15511322021484,-3.5112686157226562
90.81166076660156,-3.881039619445801
91.45254516601562,-4.284258842468262
92.08081817626953,-4.716281414031982
92.69921875,-5.173111915588379
93.30996704101562,-5.651679039001465
93.91655731201172,-6.147861003875732
94.5221939086914,-6.658115863800049
95.12908935546875,-7.179879665374756
95.73906707763672,-7.711019515991211
96.35350036621094,-8.249890327453613
96.97335815429688,-8.795315742492676
97.59938049316406,-9.346359252929688
98.231689453125,-9.902835845947266
98.87018585205078,-10.464789390563965
99.51478576660156,-11.03229808807373
100.16519927978516,-11.605599403381348
100.821044921875,-12.185050010681152
101.48177337646484,-12.77110767364502
102.1468276977539,-13.364250183105469
102.8156509399414,-13.96493148803711
103.48766326904297,-14.573601722717285
104.16242218017578,-15.19059944152832
104.83921813964844,-15.81648063659668
105.51740264892578,-16.451725006103516
106.1964111328125,-17.096675872802734
106.87569427490234,-17.751750946044922
107.5546875,-18.417255401611328
108.23304748535156,-19.0933837890625
108.91044616699219,-19.780250549316406
109.58682250976562,-20.4777889251709
110.26214599609375,-21.185924530029297
110.93639373779297,-21.904565811157227
111.60970306396484,-22.63351058959961
112.28208923339844,-23.372638702392578
112.95392608642578,-24.121564865112305
113.62560272216797,-24.87990379333496
114.2975082397461,-25.647315979003906
114.96990203857422,-26.42356300354004
115.642333984375,-27.20889663696289
116.31464385986328,-28.00330924987793
116.98571014404297,-28.80746841430664
117.65469360351562,-29.621755599975586
118.31865692138672,-30.447492599487305
118.9737777709961,-31.285417556762695
119.61625671386719,-32.136749267578125
120.2424545288086,-33.002620697021484
120.84877014160156,-33.883872985839844
121.43112182617188,-34.78118896484375
121.98626708984375,-35.69482421875
122.5101318359375,-36.62478256225586
122.99864959716797,-37.57054138183594
123.44842529296875,-38.531124114990234
123.85606384277344,-39.50511932373047
124.21852111816406,-40.49070358276367
124.53311157226562,-41.48598098754883
124.7976303100586,-42.48936462402344
125.01009368896484,-43.49828338623047
125.16885375976562,-44.509857177734375
125.27263641357422,-45.52095031738281
125.32047271728516,-46.52824020385742
125.31195831298828,-47.528465270996094
125.24705505371094,-48.51839828491211
125.12601470947266,-49.49476623535156
124.949462890625,-50.45437240600586
124.71836853027344,-51.39423751831055
124.43418884277344,-52.31187438964844
124.09859466552734,-53.20516586303711
123.7136001586914,-54.0723876953125
123.28114318847656,-54.91164016723633
122.8041000366211,-55.72281265258789
122.28561401367188,-56.506717681884766
121.72887420654297,-57.26454162597656
121.1374282836914,-57.99837112426758
120.5149154663086,-58.71091842651367
119.86534881591797,-59.405853271484375
119.19297790527344,-60.08740234375
118.50210571289062,-60.760066986083984
117.79695129394531,-61.428279876708984
117.08143615722656,-62.096073150634766
116.3590087890625,-62.76698684692383
115.63262176513672,-63.44356155395508
114.90447235107422,-64.12793731689453
114.1759262084961,-64.82162475585938
113.44783782958984,-65.52507781982422
112.72100067138672,-66.23899841308594
111.99568176269531,-66.96388244628906
111.27141571044922,-67.69937133789062
110.54823303222656,-68.44548034667969
109.8260726928711,-69.20220184326172
109.10431671142578,-69.9686050415039
108.38326263427734,-70.74370574951172
107.66277313232422,-71.52694702148438
106.94197845458984,-72.31742095947266
106.22047424316406,-73.1147232055664
105.4977798461914,-73.91836547851562
104.77320861816406,-74.72764587402344
104.04639434814453,-75.54222106933594
103.31690979003906,-76.3616943359375
102.58434295654297,-77.18557739257812
101.85498046875,-78.01777648925781
101.1415786743164,-78.86174011230469
100.44857025146484,-79.71670532226562
99.76443481445312,-80.57819366455078
99.08050537109375,-81.44135284423828
98.39714813232422,-82.30657196044922
97.71202087402344,-83.17262268066406
97.02095794677734,-84.03758239746094
96.32071685791016,-84.89852142333984
95.61602020263672,-85.75865936279297
94.90946197509766,-86.61711120605469
94.19087982177734,-87.4652099609375
93.46714782714844,-88.30972290039062
92.74210357666016,-89.15178680419922
92.00816345214844,-89.98480987548828
91.2653579711914,-90.81040954589844
90.51396942138672,-91.6300048828125
89.75381469726562,-92.44436645507812
88.98453521728516,-93.25373840332031
88.20683288574219,-94.05931091308594
87.42788696289062,-94.86692810058594
86.66331481933594,-95.68360900878906
85.92707061767578,-96.51190948486328
85.2318344116211,-97.35456848144531
84.58228302001953,-98.21294403076172
83.98213958740234,-99.08736419677734
83.4371109008789,-99.97879028320312
82.9461898803711,-100.88640594482422
82.50906372070312,-101.80953979492188
82.12564086914062,-102.74708557128906
81.79209899902344,-103.69766998291016
81.50224304199219,-104.65953826904297
81.24883270263672,-105.63027954101562
81.02855682373047,-106.60843658447266
80.83211517333984,-107.592041015625
80.6456069946289,-108.57862854003906
80.45394897460938,-109.56502532958984
80.24248504638672,-110.54617309570312
80.00162506103516,-111.51793670654297
79.72425842285156,-112.47547912597656
79.40670013427734,-113.41535186767578
79.04621124267578,-114.33419036865234
78.64228057861328,-115.22933197021484
78.19529724121094,-116.0988540649414
77.70610809326172,-116.9408950805664
77.1762466430664,-117.75444793701172
76.60777282714844,-118.53944396972656
76.00315856933594,-119.29663848876953
75.3652114868164,-120.02783203125
74.69750213623047,-120.73624420166016
74.00411224365234,-121.42595672607422
73.28951263427734,-122.101806640625
72.55816650390625,-122.768798828125
71.81487274169922,-123.43238067626953
71.06417083740234,-124.09770965576172
70.30982971191406,-124.76883697509766
69.55474853515625,-125.44869995117188
68.80107879638672,-126.13927459716797
68.05024719238281,-126.8418197631836
67.3031234741211,-127.55702209472656
66.5600814819336,-128.2851104736328
65.82110595703125,-129.02593994140625
65.08622741699219,-129.7794647216797
64.35504913330078,-130.54525756835938
63.626991271972656,-131.32237243652344
62.90157699584961,-132.10911560058594
62.17793273925781,-132.90423583984375
61.4551887512207,-133.70684814453125
60.7325439453125,-134.51611328125
60.0090446472168,-135.33111572265625
59.28386688232422,-136.15098571777344
58.55634689331055,-136.9750213623047
57.82590866088867,-137.80262756347656
57.09214782714844,-138.63336181640625
56.35476303100586,-139.46688842773438
55.613563537597656,-140.3029327392578
54.86836242675781,-141.14132690429688
54.11915969848633,-141.98199462890625
53.366004943847656,-142.824951171875
52.60896682739258,-143.67018127441406
51.84814453125,-144.5177764892578
51.08367156982422,-145.36778259277344
50.31568908691406,-146.22030639648438
49.54439163208008,-147.0754852294922
48.77037811279297,-147.9337615966797
47.994773864746094,-148.79605102539062
47.219329833984375,-149.66357421875
46.44520950317383,-150.53712463378906
45.67662048339844,-151.4193572998047
44.91925048828125,-152.31336975097656
44.17750549316406,-153.22105407714844
43.45640182495117,-154.1443634033203
42.76219940185547,-155.0848846435547
42.101322174072266,-156.04351806640625
41.47936248779297,-157.02020263671875
40.90174102783203,-158.01402282714844
40.37340545654297,-159.023193359375
39.8983268737793,-160.04537963867188
39.48006057739258,-161.0775604248047
39.1216926574707,-162.11587524414062
38.825439453125,-163.1561737060547
38.5928840637207,-164.19386291503906
38.42490005493164,-165.22412109375
38.321678161621094,-166.2420654296875
38.28281784057617,-167.24288940429688
38.30741500854492,-168.2218475341797
38.394126892089844,-169.17442321777344
38.54123306274414,-170.09629821777344
38.74663543701172,-170.9833221435547
39.007938385009766,-171.83154296875
39.32247543334961,-172.6372833251953
39.68750762939453,-173.39732360839844
40.10041046142578,-174.10910034179688
40.55807876586914,-174.76998901367188
41.057273864746094,-175.3779296875
41.594642639160156,-175.93125915527344
42.16680145263672,-176.42913818359375
42.77006912231445,-176.8704833984375
43.40113067626953,-177.2568359375
44.056907653808594,-177.58944702148438
44.73440170288086,-177.87269592285156
45.43113708496094,-178.1127166748047
46.144691467285156,-178.31564331054688
46.87288284301758,-178.4892120361328
47.613773345947266,-178.6422882080078
48.36564254760742,-178.7836456298828
49.126956939697266,-178.92098999023438
49.896278381347656,-179.06057739257812
50.66986846923828,-179.2115020751953
51.43812561035156,-179.3853302001953
52.191650390625,-179.58932495117188
52.92279052734375,-179.8280029296875
53.628211975097656,-180.10324096679688
54.30556106567383,-180.41595458984375
54.952850341796875,-180.7664031982422
55.569950103759766,-181.15345764160156
56.15840148925781,-181.57554626464844
56.719974517822266,-182.03079223632812
57.25730895996094,-182.51622009277344
57.77436828613281,-183.02796936035156
58.276268005371094,-183.56158447265625
58.7658805847168,-184.11474609375
59.250267028808594,-184.68153381347656
59.73872756958008,-185.25314331054688
60.23653030395508,-185.82435607910156
60.74835205078125,-186.3900909423828
61.27731704711914,-186.9463653564453
61.8260612487793,-187.4886016845703
62.39579772949219,-188.01382446289062
62.98689270019531,-188.52003479003906
63.59928894042969,-189.0057373046875
64.23281860351562,-189.4689178466797
64.8865737915039,-189.9095916748047
65.55956268310547,-190.32818603515625
66.25076293945312,-190.72515869140625
66.95935821533203,-191.1002655029297
67.68402862548828,-191.4556427001953
68.42357635498047,-191.79345703125
69.17703247070312,-192.1156463623047
69.9434585571289,-192.42428588867188
70.72200775146484,-192.7216339111328
71.51190948486328,-193.00990295410156
72.31248474121094,-193.2911834716797
73.1231460571289,-193.56739807128906
73.94345092773438,-193.83993530273438
74.77298736572266,-194.11024475097656
75.61125946044922,-194.3798828125
76.45789337158203,-194.64993286132812
77.31258392333984,-194.92124938964844
78.17506408691406,-195.19456481933594
79.04510498046875,-195.47042846679688
79.9233627319336,-195.7412872314453
80.80709075927734,-195.99183654785156
81.69121551513672,-196.2108917236328
82.572509765625,-196.39117431640625
83.4500961303711,-196.52853393554688
84.3221435546875,-196.6190185546875
85.1872329711914,-196.66067504882812
86.04490661621094,-196.6534881591797
86.89552307128906,-196.5994873046875
87.74089050292969,-196.50279235839844
88.5816650390625,-196.36770629882812
89.41913604736328,-196.20021057128906
90.25492095947266,-196.00836181640625
91.09136199951172,-195.80368041992188
91.93095397949219,-195.5956268310547
92.77626037597656,-195.39413452148438
93.62855529785156,-195.2101287841797
94.48787689208984,-195.05140686035156
95.35359954833984,-194.92306518554688
96.22461700439453,-194.82861328125
97.0995101928711,-194.7704620361328
97.97675323486328,-194.7500762939453
98.85446166992188,-194.76904296875
99.73094177246094,-194.8277130126953
100.60198974609375,-194.92884826660156
101.4576644897461,-195.076416015625
102.2891616821289,-195.27096557617188
103.09090423583984,-195.5116729736328
103.85962677001953,-195.797607421875
104.59243774414062,-196.1278076171875
105.28705596923828,-196.50086975097656
105.9405746459961,-196.91506958007812
106.5523681640625,-197.36805725097656
107.12472534179688,-197.857666015625
107.66204833984375,-198.38092041015625
108.1705551147461,-198.9333038330078
108.65534973144531,-199.51060485839844
109.12215423583984,-200.10826110839844
109.57984161376953,-200.71934509277344
110.03820037841797,-201.33616638183594
110.50489807128906,-201.95298767089844
110.986328125,-202.56423950195312
111.48668670654297,-203.16539001464844
112.00910949707031,-203.75160217285156
112.55510711669922,-204.3194122314453
113.12506866455078,-204.86671447753906
113.7188720703125,-205.3917694091797
114.33599090576172,-205.89341735839844
114.9755630493164,-206.3708953857422
115.63655853271484,-206.8241424560547
116.3177719116211,-207.25347900390625
117.01790618896484,-207.6597442626953
117.73570251464844,-208.04429626464844
118.46990966796875,-208.40869140625
119.21934509277344,-208.75489807128906
119.98292541503906,-209.08502197265625
120.75963592529297,-209.40126037597656
121.54859924316406,-209.7059326171875
122.3490219116211,-210.00115966796875
123.16033172607422,-210.2885284423828
123.9818115234375,-210.57020568847656
124.81289672851562,-210.84815979003906
125.65312957763672,-211.1238555908203
126.50212860107422,-211.39859008789062
127.3595199584961,-211.67344665527344
128.22496032714844,-211.94935607910156
129.09820556640625,-212.2270050048828
129.97900390625,-212.5070037841797
130.86717224121094,-212.78977966308594
131.7625274658203,-213.07568359375
132.66494750976562,-213.3649139404297
133.57435607910156,-213.65760803222656
134.49066162109375,-213.953857421875
135.41380310058594,-214.25376892089844
136.34375,-214.55726623535156
137.2804718017578,-214.86431884765625
138.2239227294922,-215.17494201660156
139.17405700683594,-215.48907470703125
140.13084411621094,-215.80674743652344
141.09423828125,-216.12794494628906
142.06417846679688,-216.45266723632812
143.04058837890625,-216.78097534179688
144.0234375,-217.11285400390625
145.0126190185547,-217.44837951660156
146.008056640625,-217.78765869140625
147.00965881347656,-218.1307373046875
148.0171356201172,-218.47763061523438
149.02938842773438,-218.82814025878906
150.04600524902344,-219.1822052001953
151.06678771972656,-219.53985595703125
152.09152221679688,-219.90118408203125
153.12008666992188,-220.26625061035156
154.15232849121094,-220.6350860595703
155.1881561279297,-221.00775146484375
156.22743225097656,-221.3842315673828
157.27011108398438,-221.7646484375
158.31610107421875,-222.14903259277344
159.36529541015625,-222.537353515625
160.4176788330078,-222.92965698242188
161.47323608398438,-223.32582092285156
162.53189086914062,-223.72576904296875
163.5933074951172,-224.13026428222656
164.65684509277344,-224.54054260253906
165.72210693359375,-224.95716857910156
166.78662109375,-225.38421630859375
167.84591674804688,-225.82794189453125
168.8962860107422,-226.29244995117188
169.9348602294922,-226.78077697753906
170.95614624023438,-227.29745483398438
171.95196533203125,-227.84706115722656
172.91598510742188,-228.4315948486328
173.8426971435547,-229.0518341064453
174.72621154785156,-229.7073974609375
175.56100463867188,-230.39649963378906
176.34231567382812,-231.1163787841797
177.06593322753906,-231.86314392089844
177.7284698486328,-232.63226318359375
178.32742309570312,-233.41896057128906
178.86085510253906,-234.21820068359375
179.3274688720703,-235.02471923828125
179.72666931152344,-235.83331298828125
180.05831909179688,-236.63880920410156
180.3226776123047,-237.43597412109375
180.5205078125,-238.21983337402344
180.6529083251953,-238.98548889160156
180.72134399414062,-239.72830200195312
180.72756958007812,-240.44378662109375
180.67376708984375,-241.12774658203125
180.5623016357422,-241.7762451171875
180.395751953125,-242.3859100341797
180.17689514160156,-242.95419311523438
179.90890502929688,-243.4793701171875
179.59559631347656,-243.96104431152344
179.240966796875,-244.40074157714844
178.8490447998047,-244.80191040039062
178.42453002929688,-245.16891479492188
177.97227478027344,-245.50718688964844
177.49671936035156,-245.82247924804688
177.0016632080078,-246.1206817626953
176.48956298828125,-246.40516662597656
175.96389770507812,-246.6826934814453
175.42691040039062,-246.95814514160156
174.87954711914062,-247.23388671875
174.32275390625,-247.51181030273438
173.75718688964844,-247.7934112548828
173.18344116210938,-248.07974243164062
172.60186767578125,-248.3714599609375
172.01272583007812,-248.66891479492188
171.4160919189453,-248.97216796875
170.81187438964844,-249.28094482421875
170.2001495361328,-249.59539794921875
169.58050537109375,-249.91468811035156
168.9525604248047,-250.23794555664062
168.31622314453125,-250.5649871826172
167.67098999023438,-250.89450073242188
167.0162811279297,-251.2249298095703
166.35179138183594,-251.5552520751953
165.67721557617188,-251.8843231201172
164.99215698242188,-252.210693359375
164.29632568359375,-252.5331268310547
163.58941650390625,-252.8499755859375
162.87120056152344,-253.15994262695312
162.14149475097656,-253.4614715576172
161.40020751953125,-253.75314331054688
160.6472625732422,-254.0332794189453
159.88270568847656,-254.3004608154297
159.1066436767578,-254.5533905029297
158.31932067871094,-254.79112243652344
157.52105712890625,-255.01348876953125
156.71214294433594,-255.2202606201172
155.8928985595703,-255.41107177734375
155.06365966796875,-255.58596801757812
154.22479248046875,-255.7447967529297
153.37660217285156,-255.88832092285156
152.51937866210938,-256.0176086425781
151.65338134765625,-256.1335754394531
150.77880859375,-256.2370300292969
149.89584350585938,-256.3290710449219
149.00462341308594,-256.41070556640625
148.1052703857422,-256.4830322265625
147.1978759765625,-256.5470886230469
146.2825164794922,-256.6038513183594
145.3592529296875,-256.6542053222656
144.42811584472656,-256.6990051269531
143.48919677734375,-256.73895263671875
142.54251098632812,-256.7746887207031
141.5880889892578,-256.8067321777344
140.6259765625,-256.8356018066406
139.65623474121094,-256.8615417480469
138.6788787841797,-256.8848876953125
137.6939697265625,-256.9058837890625
136.70155334472656,-256.9247131347656
135.70166015625,-256.94146728515625
134.69436645507812,-256.9562072753906
133.67970275878906,-256.9689636230469
132.65773010253906,-256.97967529296875
131.62847900390625,-256.9883117675781
130.592041015625,-256.99481201171875
129.54844665527344,-256.99908447265625
128.49777221679688,-257.0009765625
127.44029998779297,-257.0004577636719
126.37710571289062,-256.9973449707031
125.30860137939453,-256.9915771484375
124.23497772216797,-256.9830322265625
123.15636444091797,-256.9715576171875
122.07292938232422,-256.9571533203125
120.9847412109375,-256.9396667480469
119.89193725585938,-256.9189758300781
118.79459381103516,-256.89501953125
117.6927719116211,-256.8677673339844
116.5865478515625,-256.8370666503906
115.47601318359375,-256.80291748046875
114.36119842529297,-256.7652282714844
113.24217224121094,-256.7239990234375
112.11900329589844,-256.6791687011719
110.99174499511719,-256.63067626953125
109.86045837402344,-256.5785217285156
108.72518157958984,-256.52264404296875
107.58596801757812,-256.4630126953125
106.44287872314453,-256.39959716796875
105.29597473144531,-256.3323669433594
104.14530181884766,-256.2613525390625
102.99090576171875,-256.1865539550781
101.83281707763672,-256.1080627441406
100.67108154296875,-256.02593994140625
99.50572204589844,-255.9403533935547
98.33674621582031,-255.85150146484375
97.16416931152344,-255.75962829589844
95.98796844482422,-255.6649627685547
94.80815124511719,-255.5678253173828
93.62472534179688,-255.46847534179688
92.43766021728516,-255.36727905273438
91.24697875976562,-255.2645263671875
90.05265045166016,-255.16050720214844
88.85470581054688,-255.05552673339844
87.65316009521484,-254.9497833251953
86.44801330566406,-254.8435516357422
85.23930358886719,-254.73704528808594
84.02702331542969,-254.63040161132812
82.81122589111328,-254.5237579345703
81.5919418334961,-254.41720581054688
80.36917877197266,-254.31077575683594
79.14297485351562,-254.2045440673828
77.91334533691406,-254.0985107421875
76.68033599853516,-253.99267578125
75.4439468383789,-253.88694763183594
74.20421600341797,-253.7813262939453
72.9611587524414,-253.67564392089844
71.71481323242188,-253.5696563720703
70.46522521972656,-253.46316528320312
69.21244812011719,-253.35597229003906
67.9565200805664,-253.24786376953125
66.69747161865234,-253.13864135742188
65.43535614013672,-253.02818298339844
64.17019653320312,-252.9163055419922
62.902015686035156,-252.80291748046875
61.63137435913086,-252.69602966308594
60.363407135009766,-252.6107940673828
59.10149383544922,-252.5516357421875
57.84210205078125,-252.5054473876953
56.58475875854492,-252.4635467529297
55.32899475097656,-252.427001953125
54.074398040771484,-252.3922576904297
52.82075881958008,-252.3533477783203
51.56789779663086,-252.30496215820312
50.31583023071289,-252.2424774169922
49.06475830078125,-252.16261291503906
47.81489562988281,-252.0633544921875
46.56632614135742,-251.94406127929688
45.31892776489258,-251.8051300048828
44.07237243652344,-251.64805603027344
42.82618713378906,-251.4751739501953
41.579795837402344,-251.28952026367188
40.332550048828125,-251.09474182128906
39.08378982543945,-250.89466857910156
37.83286666870117,-250.6931915283203
36.579246520996094,-250.49403381347656
35.32255935668945,-250.2999725341797
34.06256866455078,-250.1131134033203
32.79912185668945,-249.93508911132812
31.532140731811523,-249.7667694091797
30.261606216430664,-249.6084442138672
28.98752212524414,-249.46009826660156
27.70990753173828,-249.32107543945312
26.42878532409668,-249.1905975341797
25.144195556640625,-249.06753540039062
23.8561954498291,-248.95065307617188
22.564876556396484,-248.83868408203125
21.270336151123047,-248.7302703857422
19.97268295288086,-248.62411499023438
18.67201805114746,-248.51907348632812
17.368453979492188,-248.41407775878906
16.062097549438477,-248.30804443359375
14.753043174743652,-248.2001495361328
13.441415786743164,-248.08956909179688
12.127334594726562,-247.97540283203125
10.810932159423828,-247.8568878173828
9.492326736450195,-247.7334442138672
8.171819686889648,-247.61289978027344
6.853975296020508,-247.51089477539062
5.545619964599609,-247.438720703125
4.251179218292236,-247.40423583984375
2.9727163314819336,-247.41317749023438
1.7122105360031128,-247.4702606201172
0.47130659222602844,-247.5784149169922
-0.7489767074584961,-247.7389373779297
-1.947536587715149,-247.95196533203125
-3.124220609664917,-248.2158660888672
-4.280163764953613,-248.52618408203125
-5.416709899902344,-248.87606811523438
-6.534363746643066,-249.259033203125
-7.634776592254639,-249.66763305664062
-8.721929550170898,-250.09109497070312
-9.802092552185059,-250.51507568359375
-10.882352828979492,-250.92214965820312
-11.966876029968262,-251.29635620117188
-13.055692672729492,-251.62559509277344
-14.146717071533203,-251.90216064453125
-15.23681926727295,-252.1214141845703
-16.322086334228516,-252.27980041503906
-17.408313751220703,-252.3910369873047
-18.467479705810547,-252.43075561523438
-19.467348098754883,-252.39776611328125
-20.24315071105957,-252.22506713867188
-20.911346435546875,-252.0100860595703
-21.521780014038086,-251.8026885986328
-22.13142204284668,-251.6071014404297
-22.74230194091797,-251.4224395751953
-23.353239059448242,-251.24143981933594
-23.96534538269043,-251.050537109375
-24.578685760498047,-250.84622192382812
-25.193227767944336,-250.63096618652344
-25.808345794677734,-250.40643310546875
-26.42330551147461,-250.17417907714844
-27.03711700439453,-249.93409729003906
-27.650047302246094,-249.69056701660156
-28.262252807617188,-249.44642639160156
-28.873851776123047,-249.20263671875
-29.48516845703125,-248.95989990234375
-30.096534729003906,-248.71942138671875
-30.708168029785156,-248.481689453125
-31.320322036743164,-248.24595642089844
-31.933427810668945,-248.0115203857422
-32.5480842590332,-247.77796936035156
-33.20431137084961,-247.5802459716797
-33.90086364746094,-247.39324951171875
-34.621360778808594,-247.20306396484375
-35.36337661743164,-247.02142333984375
-36.12330627441406,-246.8563690185547
-36.898006439208984,-246.71340942382812
-37.68480682373047,-246.5963592529297
-38.48118209838867,-246.50889587402344
-39.28467559814453,-246.4539794921875
-40.092891693115234,-246.4336700439453
-40.90345764160156,-246.4497528076172
-41.714637756347656,-246.5025177001953
-42.52450180053711,-246.59251403808594
-43.330081939697266,-246.7214813232422
-44.12853240966797,-246.89027404785156
-44.91721725463867,-247.09922790527344
-45.69326400756836,-247.3486785888672
-46.452308654785156,-247.63931274414062
-47.18938064575195,-247.970947265625
-47.89980697631836,-248.3431854248047
-48.57866287231445,-248.75506591796875
-49.22111892700195,-249.20504760742188
-49.82236862182617,-249.6907196044922
-50.378456115722656,-250.20921325683594
-50.88591384887695,-250.75726318359375
-51.34092330932617,-251.33065795898438
-51.73997116088867,-251.9242706298828
-52.08096694946289,-252.5331268310547
-52.362396240234375,-253.152099609375
-52.583412170410156,-253.77618408203125
-52.74384689331055,-254.4002685546875
-52.8442268371582,-255.0194091796875
-52.88565444946289,-255.6289825439453
-52.86988830566406,-256.224609375
-52.79914855957031,-256.8021545410156
-52.67652130126953,-257.35870361328125
-52.50518798828125,-257.8915100097656
-52.28909683227539,-258.3994445800781
-52.03223419189453,-258.8823547363281
-51.74234390258789,-259.3460693359375
-51.43674850463867,-259.8050842285156
-51.12921905517578,-260.26470947265625
-50.8310546875,-260.72900390625
-50.54533767700195,-261.2018127441406
-50.26817321777344,-261.6851501464844
-49.996097564697266,-262.17864990234375
-49.73097229003906,-262.68341064453125
-49.46913146972656,-263.1980895996094
-49.20579147338867,-263.7213439941406
-48.93655014038086,-264.2510681152344
-48.65924835205078,-264.78643798828125
-48.37154006958008,-265.3258056640625
-48.070858001708984,-265.8671875
-47.75592041015625,-266.4093933105469
-47.42560958862305,-266.95123291015625
-47.07902145385742,-267.491455078125
-46.714515686035156,-268.0279235839844
-46.3314208984375,-268.5592956542969
-45.92972946166992,-269.0849914550781
-45.50950241088867,-269.6044006347656
-45.07091522216797,-270.11712646484375
-44.614295959472656,-270.6228332519531
-44.14005661010742,-271.12139892578125
-43.64870071411133,-271.61285400390625
-43.14076614379883,-272.0972900390625
-42.616859436035156,-272.5751037597656
-42.07759094238281,-273.04656982421875
-41.52357482910156,-273.51220703125
-40.955406188964844,-273.9725341796875
-40.37367630004883,-274.4280700683594
-39.77894592285156,-274.8794860839844
-39.17152404785156,-275.32696533203125
-38.55207824707031,-275.7713928222656
-37.92121124267578,-276.21356201171875
-37.27914810180664,-276.6537780761719
-36.62626266479492,-277.0924987792969
-35.96317672729492,-277.53070068359375
-35.29033279418945,-277.9690246582031
-34.60805892944336,-278.40802001953125
-33.916744232177734,-278.8483581542969
-33.21662139892578,-279.29034423828125
-32.50830078125,-279.73504638671875
-31.792701721191406,-280.18377685546875
-31.070629119873047,-280.6376953125
-30.342864990234375,-281.0977783203125
-29.610300064086914,-281.5651550292969
-28.873891830444336,-282.04095458984375
-28.13463592529297,-282.5262756347656
-27.393583297729492,-283.0221862792969
-26.652395248413086,-283.53045654296875
-25.912260055541992,-284.0520935058594
-25.174489974975586,-284.5882263183594
-24.440614700317383,-285.14007568359375
-23.711977005004883,-285.7085266113281
-22.990055084228516,-286.2945556640625
-22.276418685913086,-286.89892578125
-21.57244110107422,-287.5223388671875
-20.87957000732422,-288.1653137207031
-20.19915008544922,-288.8280944824219
-19.53240394592285,-289.5110778808594
-18.880672454833984,-290.21429443359375
-18.24534034729004,-290.9378967285156
-17.627561569213867,-291.6817626953125
-17.028413772583008,-292.44561767578125
-16.449199676513672,-293.2293395996094
-15.890974998474121,-294.03253173828125
-15.35469913482666,-294.854736328125
-14.841249465942383,-295.6954345703125
-14.350814819335938,-296.5539245605469
-13.883488655090332,-297.429443359375
-13.43931770324707,-298.3212585449219
-13.017976760864258,-299.2286376953125
-12.618706703186035,-300.1507263183594
-12.24112319946289,-301.08685302734375
-11.884294509887695,-302.0362243652344
-11.548855781555176,-302.9983215332031
-11.237860679626465,-303.9725646972656
-10.956674575805664,-304.95751953125
-10.712766647338867,-305.94964599609375
-10.512971878051758,-306.94305419921875
-10.361686706542969,-307.93292236328125
-10.262216567993164,-308.91485595703125
-10.21679401397705,-309.88397216796875
-10.22696590423584,-310.8349304199219
-10.293363571166992,-311.7623291015625
-10.41537857055664,-312.66082763671875
-10.591535568237305,-313.525146484375
-10.819826126098633,-314.3502502441406
-11.097352027893066,-315.1314697265625
-11.420645713806152,-315.8645324707031
-11.785846710205078,-316.54571533203125
-12.188715934753418,-317.1716613769531
-12.62481689453125,-317.7395324707031
-13.08958911895752,-318.2470703125
-13.578386306762695,-318.6925048828125
-14.086544036865234,-319.0745544433594
-14.609472274780273,-319.3926086425781
-15.142647743225098,-319.646728515625
-15.681830406188965,-319.837890625
-16.22344398498535,-319.96826171875
-16.764738082885742,-320.0412902832031
-17.30389976501465,-320.0614929199219
-17.838788986206055,-320.0330505371094
-18.369993209838867,-319.96270751953125
-18.89976692199707,-319.85791015625
-19.428890228271484,-319.724609375
-19.95848274230957,-319.568359375
-20.489953994750977,-319.39404296875
-21.02492332458496,-319.2055358886719
-21.56426239013672,-319.0046081542969
-22.10991096496582,-318.7951965332031
-22.662973403930664,-318.5791015625
-23.224679946899414,-318.3591613769531
-23.796022415161133,-318.1378173828125
-24.377410888671875,-317.9165344238281
-24.9691162109375,-317.69647216796875
-25.57129669189453,-317.4787292480469
-26.18403434753418,-317.2641906738281
-26.807331085205078,-317.05340576171875
-27.441110610961914,-316.8466796875
-28.085268020629883,-316.64404296875
-28.73968505859375,-316.4454650878906
-29.404319763183594,-316.2511901855469
-30.07891273498535,-316.0603942871094
-30.76323127746582,-315.8721923828125
-31.457094192504883,-315.6858215332031
-32.16044235229492,-315.5010986328125
-32.872947692871094,-315.3165283203125
-33.594478607177734,-315.1314697265625
-34.32465362548828,-314.9443359375
-35.063011169433594,-314.7537841796875
-35.808860778808594,-314.5579528808594
-36.56174850463867,-314.3558654785156
-37.32120132446289,-314.1463928222656
-38.08641052246094,-313.9278564453125
-38.8565673828125,-313.69866943359375
-39.6311149597168,-313.4579162597656
-40.40945816040039,-313.2047119140625
-41.19071578979492,-312.93768310546875
-41.97401428222656,-312.6556701660156
-42.758602142333984,-312.3577575683594
-43.54364776611328,-312.0430908203125
-44.328372955322266,-311.71087646484375
-45.111907958984375,-311.36041259765625
-45.8934326171875,-310.9910888671875
-46.67219543457031,-310.6025085449219
-47.44731521606445,-310.1941223144531
-48.21782684326172,-309.765380859375
-48.98291778564453,-309.3160095214844
-49.7416877746582,-308.8457336425781
-50.49331283569336,-308.3543395996094
-51.23688888549805,-307.8416442871094
-51.97159957885742,-307.3075866699219
-52.69664001464844,-306.7521667480469
-53.4111328125,-306.1753234863281
-54.11418151855469,-305.57708740234375
-54.80518341064453,-304.9577331542969
-55.48408508300781,-304.3178405761719
-56.15084457397461,-303.6579895019531
-56.805023193359375,-302.97857666015625
-57.44646453857422,-302.27996826171875
-58.07544708251953,-301.56298828125
-58.69211959838867,-300.82830810546875
-59.29659652709961,-300.0763854980469
-59.8889045715332,-299.3077392578125
-60.46913528442383,-298.5229187011719
-61.03734588623047,-297.72235107421875
-61.59352493286133,-296.9064636230469
-62.13755798339844,-296.07568359375
-62.66914367675781,-295.2301940917969
-63.18792724609375,-294.37030029296875
-63.69340133666992,-293.4961242675781
-64.18500518798828,-292.6079406738281
-64.66207122802734,-291.7059020996094
-65.1237564086914,-290.7901611328125
-65.56932830810547,-289.86090087890625
-65.99791717529297,-288.9183654785156
-66.40872955322266,-287.9627990722656
-66.80087280273438,-286.9944152832031
-67.17353057861328,-286.0135192871094
-67.52595520019531,-285.02056884765625
-67.8572769165039,-284.0160827636719
-68.16639709472656,-283.0014343261719
-68.4525146484375,-281.9775085449219
-68.72454071044922,-280.9470520019531
-68.9992446899414,-279.91888427734375
-69.2870101928711,-278.9020690917969
-69.59747314453125,-277.9037780761719
-69.9373779296875,-276.92620849609375
-70.31114959716797,-275.97039794921875
-70.72146606445312,-275.0373840332031
-71.16938781738281,-274.1268005371094
-71.65359497070312,-273.2378234863281
-72.16947174072266,-272.3672790527344
-72.71060943603516,-271.51123046875
-73.27118682861328,-270.66650390625
-73.84407806396484,-269.8282470703125
-74.4205093383789,-268.9900207519531
-74.9892578125,-268.1445007324219
-75.5402603149414,-267.2861022949219
-76.0658950805664,-266.4118347167969
-76.56026458740234,-265.5202941894531
-77.01908874511719,-264.6113586425781
-77.43926239013672,-263.6856689453125
-77.81885528564453,-262.74432373046875
-78.15701293945312,-261.78857421875
-78.45391845703125,-260.8197937011719
-78.71086883544922,-259.8392639160156
-78.93023681640625,-258.8480224609375
-79.11548614501953,-257.8468933105469
-79.27106475830078,-256.8365783691406
-79.40235900878906,-255.81768798828125
-79.51445770263672,-254.79075622558594
-79.61467742919922,-253.75637817382812
-79.71024322509766,-252.71522521972656
-79.8072738647461,-251.66806030273438
-79.91107940673828,-250.61587524414062
-80.02570343017578,-249.560546875
-80.15415954589844,-248.50308227539062
-80.2984390258789,-247.44422912597656
-80.45976257324219,-246.3845672607422
-80.6307373046875,-245.32345581054688
-80.79496765136719,-244.2627410888672
-80.93904876708984,-243.20718383789062
-81.0517807006836,-242.16029357910156
-81.12571716308594,-241.123291015625
-81.1557846069336,-240.09681701660156
-81.13931274414062,-239.08094787597656
-81.07522583007812,-238.07562255859375
-80.96345520019531,-237.0805206298828
-80.80606079101562,-236.09552001953125
-80.607177734375,-235.11981201171875
-80.37274932861328,-234.15220642089844
-80.10951232910156,-233.19134521484375
-79.82572937011719,-232.23501586914062
-79.5342788696289,-231.27938842773438
-79.24871063232422,-230.32089233398438
-78.98341369628906,-229.35777282714844
-78.7485122680664,-228.389404296875
-78.5511474609375,-227.41610717773438
-78.39603424072266,-226.4384765625
-78.28665161132812,-225.45849609375
-78.2252197265625,-224.4783172607422
-78.21394348144531,-223.5008544921875
-78.2523193359375,-222.52792358398438
-78.33898162841797,-221.5606231689453
-78.47237396240234,-220.60009765625
-78.6500244140625,-219.6468048095703
-78.86875915527344,-218.7006378173828
-79.12449645996094,-217.7605743408203
-79.41201782226562,-216.82508850097656
-79.72624969482422,-215.8925018310547
-80.06018829345703,-214.96011352539062
-80.40692901611328,-214.025390625
-80.76058197021484,-213.0860137939453
-81.1158447265625,-212.14016723632812
-81.4684829711914,-211.18649291992188
-81.81539154052734,-210.22413635253906
-82.1544418334961,-209.25254821777344
-82.48426818847656,-208.27145385742188
-82.80412292480469,-207.2808380126953
-83.11335754394531,-206.2806396484375
-83.41236114501953,-205.27102661132812
-83.70176696777344,-204.25247192382812
-83.98194885253906,-203.22621154785156
-84.25371551513672,-202.19276428222656
-84.5177993774414,-201.15245056152344
-84.77532958984375,-200.10568237304688
-85.02723693847656,-199.05270385742188
-85.2745590209961,-197.9938201904297
-85.51821899414062,-196.9292755126953
-85.7590103149414,-195.85931396484375
-85.99758911132812,-194.7841033935547
-86.23452758789062,-193.70375061035156
-86.47026062011719,-192.61846923828125
-86.70511627197266,-191.5283203125
-86.93934631347656,-190.43341064453125
-87.17304229736328,-189.3338623046875
-87.40623474121094,-188.2296905517578
-87.63892364501953,-187.1209259033203
-87.87103271484375,-186.0076904296875
-88.1024398803711,-184.88999938964844
-88.33302307128906,-183.76785278320312
-88.5626220703125,-182.64132690429688
-88.79109191894531,-181.51036071777344
-89.01825714111328,-180.37506103515625
-89.24400329589844,-179.23536682128906
-89.46812438964844,-178.09136962890625
-89.6905288696289,-176.9430389404297
-89.9110336303711,-175.7904510498047
-90.12957000732422,-174.63360595703125
-90.34603118896484,-173.4725341796875
-90.56033325195312,-172.30728149414062
-90.7724609375,-171.1378936767578
-90.9901123046875,-169.9669647216797
-91.22679138183594,-168.80343627929688
-91.49100494384766,-167.65696716308594
-91.78843688964844,-166.53382873535156
-92.12357330322266,-165.4374237060547
-92.49987030029297,-164.37115478515625
-92.91950225830078,-163.3380889892578
-93.38313293457031,-162.33998107910156
-93.89112854003906,-161.37950134277344
-94.44186401367188,-160.45729064941406
-95.03140258789062,-159.56898498535156
-95.65593719482422,-158.71273803710938
-96.3080062866211,-157.88397216796875
-96.9817886352539,-157.07940673828125
-97.67031860351562,-156.2932891845703
-98.36360931396484,-155.51609802246094
-99.04939270019531,-154.7362060546875
-99.71524047851562,-153.94357299804688
-100.3511962890625,-153.13265991210938
-100.9493408203125,-152.301025390625
-101.50415802001953,-151.44830322265625
-102.01185607910156,-150.57472229003906
-102.46953582763672,-149.68194580078125
-102.87533569335938,-148.77200317382812
-103.2284164428711,-147.84703063964844
-103.52853393554688,-146.9091339111328
-103.77641296386719,-145.96014404296875
-103.97673797607422,-145.00326538085938
-104.14371490478516,-144.047119140625
-104.26205444335938,-143.0769805908203
-104.34432220458984,-142.09962463378906
-104.40103912353516,-141.1144561767578
-104.43601989746094,-140.12583923339844
-104.4549789428711,-139.1320037841797
-104.46836853027344,-138.13198852539062
-104.48493194580078,-137.1259002685547
-104.5106430053711,-136.11412048339844
-104.5504150390625,-135.0973358154297
-104.60641479492188,-134.0760040283203
-104.67973327636719,-133.0504608154297
-104.77099609375,-132.02099609375
-104.87997436523438,-130.98777770996094
-105.00596618652344,-129.9507598876953
-105.14777374267578,-128.9098663330078
-105.30397033691406,-127.86507415771484
-105.47283935546875,-126.817138671875
-105.65267181396484,-125.76605987548828
-105.84182739257812,-124.7116470336914
-106.03878784179688,-123.65365600585938
-106.24215698242188,-122.59191131591797
-106.45075225830078,-121.52620697021484
-106.66354370117188,-120.4564208984375
-106.87975311279297,-119.38243103027344
-107.09873962402344,-118.3041763305664
-107.320068359375,-117.22161102294922
-107.5434341430664,-116.13472747802734
-107.76863861083984,-115.04353332519531
-107.99561309814453,-113.94808197021484
-108.22434997558594,-112.84842681884766
-108.45492553710938,-111.74462890625
-108.6874008178711,-110.63676452636719
-108.92195129394531,-109.52495574951172
-109.15872192382812,-108.40925598144531
-109.39785766601562,-107.28975677490234
-109.63957977294922,-106.16657257080078
-109.88410186767578,-105.039794921875
-110.1315689086914,-103.90956115722656
-110.38215637207031,-102.77590942382812
-110.63599395751953,-101.63894653320312
-110.89322662353516,-100.49876403808594
-111.15396881103516,-99.35541534423828
-111.41831970214844,-98.20902252197266
-111.68635559082031,-97.05960083007812
-111.9581298828125,-95.90724182128906
-112.23368835449219,-94.75196838378906
-112.51307678222656,-93.59386444091797
-112.7962875366211,-92.43297576904297
-113.08335876464844,-91.26933288574219
-113.374267578125,-90.10301208496094
-113.66902160644531,-88.93399810791016
-113.96762084960938,-87.76237487792969
-114.27006530761719,-86.58815002441406
-114.5763168334961,-85.41139221191406
-114.88638305664062,-84.23212432861328
-115.20026397705078,-83.05039978027344
-115.5179443359375,-81.86624145507812
-115.83943176269531,-80.6796875
-116.16470336914062,-79.49079132080078
-116.4937973022461,-78.29959106445312
-116.8266830444336,-77.10610961914062
-117.16337585449219,-75.9103775024414
-117.50383758544922,-74.71241760253906
-117.84799194335938,-73.51221466064453
-118.19576263427734,-72.30977630615234
-118.54708099365234,-71.1050796508789
-118.9017562866211,-69.89807891845703
-119.25959777832031,-68.68873596191406
-119.62046813964844,-67.47697448730469
-119.98421478271484,-66.2627944946289
-120.35070037841797,-65.04615020751953
-120.7198486328125,-63.8270263671875
-121.09159088134766,-62.60541915893555
-121.46592712402344,-61.38134765625
-121.84288024902344,-60.15483093261719
-122.22250366210938,-58.92593002319336
-122.60494995117188,-57.69470977783203
-122.9903564453125,-56.461238861083984
-123.37886810302734,-55.225608825683594
-123.7706527709961,-53.98789596557617
-124.16587829589844,-52.74819564819336
-124.56473541259766,-51.506595611572266
-124.9674072265625,-50.26317596435547
-125.37407684326172,-49.01803970336914
-125.78485870361328,-47.771263122558594
-126.19992065429688,-46.52290344238281
-126.61933135986328,-45.27302932739258
-127.043212890625,-44.02171325683594
-127.47161102294922,-42.76899337768555
-127.90457916259766,-41.51490020751953
-128.34214782714844,-40.25947952270508
-128.78431701660156,-39.00276184082031
-129.2311248779297,-37.74475860595703
-129.68251037597656,-36.48548889160156
-130.13848876953125,-35.224971771240234
-130.59901428222656,-33.96321105957031
-131.06407165527344,-32.700225830078125
-131.5336151123047,-31.43602180480957
-132.0076446533203,-30.170610427856445
-132.486083984375,-28.904003143310547
-132.96897888183594,-27.636215209960938
-133.45628356933594,-26.36726188659668
-133.9398956298828,-25.095260620117188
-134.4033966064453,-23.820581436157227
-134.8341522216797,-22.546947479248047
-135.22373962402344,-21.27655792236328
-135.56607055664062,-20.010072708129883
-135.85604858398438,-18.748525619506836
-136.08969116210938,-17.49365234375
-136.2649688720703,-16.246885299682617
-136.3816375732422,-15.009003639221191
-136.44036865234375,-13.780993461608887
-136.4436798095703,-12.563399314880371
-136.3950958251953,-11.35704517364502
-136.30221557617188,-10.16242790222168
-136.1708984375,-8.980626106262207
-136.006103515625,-7.811655044555664
-135.81939697265625,-6.653653621673584
-135.6282196044922,-5.503444671630859
-135.45120239257812,-4.357340335845947
-135.30638122558594,-3.2143030166625977
-135.20545959472656,-2.0761218070983887
-135.15609741210938,-0.9461556673049927
-135.1628875732422,0.1713709980249405
-135.2126007080078,1.2846157550811768
-135.3341522216797,2.3645949363708496
-135.5107421875,3.4254581928253174
-135.73179626464844,4.466978549957275
-135.73974609375,5.114692687988281
-135.72442626953125,5.502528667449951
-135.8385467529297,5.797448635101318
-135.95892333984375,6.103206157684326
-136.10110473632812,6.421138286590576
-136.2735137939453,6.754246234893799
-136.4746551513672,7.1123576164245605
-136.69776916503906,7.486435890197754
-136.9304962158203,7.867623805999756
-137.17022705078125,8.249855995178223
-137.41717529296875,8.629534721374512
-137.6728973388672,9.0111665725708
-137.9307098388672,9.395246505737305
-138.18170166015625,9.802200317382812
-138.4394989013672,10.229487419128418
-138.71597290039062,10.66906452178955
-139.00643920898438,11.119268417358398
-139.30230712890625,11.576935768127441
-139.60284423828125,12.051332473754883
-139.90908813476562,12.539332389831543
-140.22015380859375,13.03956413269043
-140.5351104736328,13.551197052001953
-140.85421752929688,14.07193660736084
-141.170654296875,14.605124473571777
-141.48617553710938,15.150249481201172
-141.80133056640625,15.706719398498535
-142.11607360839844,16.274282455444336
-142.4300994873047,16.8527889251709
-142.7431182861328,17.442134857177734
-143.05487060546875,18.042226791381836
-143.3651885986328,18.652986526489258
-143.67393493652344,19.274330139160156
-143.98101806640625,19.906173706054688
-144.286376953125,20.54842185974121
-144.5900421142578,21.20098876953125
-144.89199829101562,21.8637638092041
-145.19235229492188,22.536645889282227
-145.4911651611328,23.219520568847656
-145.78857421875,23.912282943725586
-146.08470153808594,24.614818572998047
-146.37969970703125,25.32701301574707
-146.67369079589844,26.048757553100586
-146.9668731689453,26.779926300048828
-147.2594451904297,27.520404815673828
-147.55162048339844,28.270063400268555
-147.84349060058594,29.028839111328125
-148.13534545898438,29.79656410217285
-148.42750549316406,30.57310676574707
-148.72021484375,31.358354568481445
-149.01365661621094,32.15218734741211
-149.3080596923828,32.95450210571289
-149.60365295410156,33.76518630981445
-149.90061950683594,34.58414077758789
-150.1991424560547,35.411258697509766
-150.49935913085938,36.246463775634766
-150.80142211914062,37.08965301513672
-151.10546875,37.94074630737305
-151.41159057617188,38.79964828491211
-151.719970703125,39.66628646850586
-152.03065490722656,40.54058074951172
-152.34371948242188,41.422454833984375
-152.65924072265625,42.311851501464844
-152.9772491455078,43.20868682861328
-153.2978057861328,44.11290740966797
-153.62091064453125,45.02445602416992
-153.94662475585938,45.94327163696289
-154.27493286132812,46.869300842285156
-154.60581970214844,47.802494049072266
-154.93931579589844,48.7427978515625
-155.275390625,49.69015884399414
-155.6139373779297,50.644588470458984
-155.95458984375,51.60614013671875
-156.2960968017578,52.57514953613281
-156.6370086669922,53.55192184448242
-156.9757537841797,54.53676223754883
-157.31039428710938,55.529998779296875
-157.6375732421875,56.53193283081055
-157.953857421875,57.54193878173828
-158.25633239746094,58.559852600097656
-158.54095458984375,59.58567428588867
-158.8046112060547,60.6191291809082
-159.04351806640625,61.65973663330078
-159.25396728515625,62.70668411254883
-159.4334716796875,63.75908660888672
-159.57862854003906,64.81559753417969
-159.6860809326172,65.87455749511719
-159.75375366210938,66.93437957763672
-159.7797393798828,67.99311828613281
-159.76181030273438,69.04837036132812
-159.69801330566406,70.09727478027344
-159.5875701904297,71.1377182006836
-159.4299774169922,72.16827392578125
-159.2249298095703,73.18663024902344
-158.97268676757812,74.19037628173828
-158.6739959716797,75.17726135253906
-158.32948303222656,76.14506530761719
-157.94024658203125,77.09187316894531
-157.50775146484375,78.0160903930664
-157.033203125,78.91590118408203
-156.51760864257812,79.78936004638672
-155.96240234375,80.63490295410156
-155.3690643310547,81.45100402832031
-154.7392120361328,82.23625183105469
-154.07427978515625,82.98932647705078
-153.37625122070312,83.70948028564453
-152.64682006835938,84.39600372314453
-151.8877716064453,85.04803466796875
-151.10108947753906,85.6654052734375
-150.28875732421875,86.24777221679688
-149.4525604248047,86.79517364501953
-148.59417724609375,87.3074722290039
-147.7153778076172,87.78519439697266
-146.81761169433594,88.22783660888672
-145.90237426757812,88.63508605957031
-144.9711456298828,89.00680541992188
-144.0253143310547,89.34242248535156
-143.06634521484375,89.64175415039062
-142.09552001953125,89.90478515625
-141.11412048339844,90.13202667236328
-140.1232147216797,90.32418060302734
-139.12374877929688,90.48204040527344
-138.1165008544922,90.6069107055664
-137.1021270751953,90.7002944946289
-136.0811004638672,90.7640609741211
-135.0538787841797,90.80083465576172
-134.02069091796875,90.81366729736328
-132.98158264160156,90.80591583251953
-131.93634033203125,90.78138732910156
-130.88475036621094,90.74334716796875
-129.8268585205078,90.6956787109375
-128.76358032226562,90.64202880859375
-127.69515991210938,90.58538055419922
-126.62173461914062,90.52828216552734
-125.5433578491211,90.47283935546875
-124.46013641357422,90.4206314086914
-123.37217712402344,90.37281036376953
-122.27954864501953,90.330078125
-121.18233489990234,90.2928695678711
-120.08057403564453,90.26126098632812
-118.97432708740234,90.23538208007812
-117.86361694335938,90.21480560302734
-116.74848175048828,90.19898986816406
-115.62891387939453,90.18746185302734
-114.50493621826172,90.1795883178711
-113.37651824951172,90.17481231689453
-112.24515533447266,90.18025970458984
-111.11746978759766,90.20947265625
-110.00165557861328,90.27113342285156
-108.90274047851562,90.37091827392578
-107.82388305664062,90.51325225830078
-106.76779174804688,90.70142364501953
-105.73670959472656,90.93763732910156
-104.73287200927734,91.22297668457031
-103.75656127929688,91.55691528320312
-102.80581665039062,91.9376220703125
-101.87947845458984,92.36217498779297
-100.97566986083984,92.82615661621094
-100.09033966064453,93.32106018066406
-99.22037506103516,93.84014129638672
-98.36119842529297,94.3768310546875
-97.50498962402344,94.91934967041016
-96.64363861083984,95.45201873779297
-95.77118682861328,95.96219635009766
-94.88480377197266,96.44062042236328
-93.98388671875,96.87926483154297
-93.06898498535156,97.27362823486328
-92.14073181152344,97.62081146240234
-91.20097351074219,97.91836547851562
-90.25179290771484,98.16494750976562
-89.29518127441406,98.36022186279297
-88.3329849243164,98.50482177734375
-87.3666763305664,98.60037231445312
-86.39740753173828,98.64897918701172
-85.42555236816406,98.65464782714844
-84.45110321044922,98.62239837646484
-83.47367095947266,98.55818176269531
-82.49259948730469,98.46880340576172
-81.50691223144531,98.36164855957031
-80.51571655273438,98.24422454833984
-79.51820373535156,98.12322998046875
-78.51387023925781,98.00425720214844
-77.50249481201172,97.89144134521484
-76.48400115966797,97.78766632080078
-75.45841979980469,97.6953125
-74.42585754394531,97.61506652832031
-73.38636779785156,97.5470199584961
-72.34001922607422,97.49102020263672
-71.28707885742188,97.44650268554688
-70.22863006591797,97.41253662109375
-69.16505432128906,97.38802337646484
-68.09646606445312,97.3719711303711
-67.02290344238281,97.36286163330078
-65.94440460205078,97.3592758178711
-64.86101531982422,97.36013793945312
-63.77273941040039,97.36424255371094
-62.67963790893555,97.3705062866211
-61.581787109375,97.37804412841797
-60.47928237915039,97.3861312866211
-59.37220001220703,97.39415740966797
-58.26055908203125,97.40165710449219
-57.1443977355957,97.40830993652344
-56.02375411987305,97.41387176513672
-54.89863967895508,97.41819763183594
-53.76908493041992,97.42125701904297
-52.63517379760742,97.42304229736328
-51.49698257446289,97.42363739013672
-50.35452651977539,97.42311096191406
-49.20781326293945,97.42159271240234
-48.05686569213867,97.4191665649414
-46.90171432495117,97.4159927368164
-45.74236297607422,97.41221618652344
-44.5788459777832,97.40794372558594
-43.411224365234375,97.40332794189453
-42.23960876464844,97.39842224121094
-41.064002990722656,97.39336395263672
-39.88442611694336,97.38825225830078
-38.7009162902832,97.38311004638672
-37.51350784301758,97.3780288696289
-36.32220458984375,97.37301635742188
-35.12704849243164,97.36813354492188
-33.928104400634766,97.36338806152344
-32.72547912597656,97.35879516601562
-31.519174575805664,97.3543472290039
-30.31048583984375,97.34214782714844
-29.105234146118164,97.30777740478516
-27.911569595336914,97.24176788330078
-26.734848022460938,97.13764190673828
-25.578004837036133,96.99070739746094
-24.444862365722656,96.79698944091797
-23.33867835998535,96.55397033691406
-22.26052474975586,96.26103210449219
-21.21087646484375,95.91860961914062
-20.190135955810547,95.52800750732422
-19.20061492919922,95.08954620361328
-18.242977142333984,94.6053237915039
-17.315004348754883,94.07997131347656
-16.411602020263672,93.5234375
-15.527791023254395,92.9471435546875
-14.6585054397583,92.35982513427734
-13.795108795166016,91.77284240722656
-12.92713737487793,91.20075225830078
-12.0472412109375,90.65726470947266
-11.15257453918457,90.15274047851562
-10.243084907531738,89.69485473632812
-9.320855140686035,89.28965759277344
-8.388124465942383,88.94036865234375
-7.446542739868164,88.64897918701172
-6.498981952667236,88.4176025390625
-5.55585241317749,88.23043823242188
-4.607326030731201,88.11111450195312
-3.6615872383117676,88.04171752929688
-2.7176733016967773,88.024658203125
-1.7975612878799438,88.03746032714844
-0.8851545453071594,88.11998748779297
0.02138412371277809,88.21208953857422
0.9249697923660278,88.3055648803711
1.8280768394470215,88.39878845214844
2.7307469844818115,88.49166870117188
3.6330230236053467,88.5841064453125
4.539794921875,88.67564392089844
5.436635494232178,88.78998565673828
6.3178277015686035,88.93875122070312
7.195627212524414,89.10466766357422
8.063095092773438,89.2913589477539
8.921262741088867,89.49481201171875
9.774224281311035,89.70442962646484
10.624476432800293,89.91236877441406
11.469435691833496,90.12120819091797
12.31942081451416,90.32774353027344
13.182878494262695,90.498291015625
14.058782577514648,90.63040924072266
14.943792343139648,90.72686004638672
15.835973739624023,90.78911590576172
16.733531951904297,90.81651306152344
17.635894775390625,90.81243896484375
18.54313850402832,90.7811279296875
19.455121994018555,90.724609375
20.372356414794922,90.64838409423828
21.29544448852539,90.55867004394531
22.22480583190918,90.46015167236328
23.160959243774414,90.3580093383789
24.104265213012695,90.25688171386719
25.054895401000977,90.16026306152344
26.01289176940918,90.07058715820312
26.978240966796875,89.9894790649414
27.950862884521484,89.91793060302734
28.93068504333496,89.85636138916016
29.917625427246094,89.80471801757812
30.911649703979492,89.76255798339844
31.912729263305664,89.72925567626953
32.92086410522461,89.70396423339844
33.936058044433594,89.68575286865234
34.95831298828125,89.67359924316406
35.9876594543457,89.66651916503906
37.024105072021484,89.66353607177734
38.067657470703125,89.6637191772461
39.118309020996094,89.66624450683594
40.17577362060547,89.67037963867188
41.23899459838867,89.67548370361328
42.307586669921875,89.68106842041016
43.38139724731445,89.68667602539062
44.460262298583984,89.69196319580078
45.54408264160156,89.69664001464844
46.63275909423828,89.7005386352539
47.726219177246094,89.70355224609375
48.82438278198242,89.7056655883789
49.92720413208008,89.70679473876953
51.03462219238281,89.7070083618164
52.14657974243164,89.70638275146484
53.2630615234375,89.7049789428711
54.38402557373047,89.702880859375
55.50941467285156,89.70015716552734
56.63917541503906,89.69693756103516
57.77326965332031,89.69334411621094
58.91167449951172,89.68941497802734
60.0543327331543,89.68526458740234
61.20124435424805,89.68093872070312
62.35233688354492,89.67652893066406
63.507572174072266,89.67205810546875
64.66686248779297,89.66758728027344
65.8302001953125,89.66313934326172
66.99755096435547,89.65874481201172
68.16889190673828,89.65441131591797
69.34420776367188,89.650146484375
70.52342224121094,89.64595794677734
71.70646667480469,89.64183044433594
72.89331817626953,89.63777923583984
74.08395385742188,89.6337890625
75.2783432006836,89.6298599243164
76.47647857666016,89.6259765625
77.67830657958984,89.62211608886719
78.88375091552734,89.6183090209961
80.09144592285156,89.62239837646484
81.29485321044922,89.64878845214844
82.48584747314453,89.70686340332031
83.659423828125,89.8028793334961
84.81289672851562,89.94158935546875
85.94339752197266,90.12679290771484
87.04801940917969,90.36109924316406
88.12425231933594,90.64578247070312
89.17112731933594,90.98045349121094
90.18938446044922,91.36328887939453
91.17970275878906,91.79157257080078
92.143310546875,92.26129913330078
93.08358001708984,92.7645034790039
94.00271606445312,93.29485321044922
94.90494537353516,93.84463500976562
95.79703521728516,94.40475463867188
96.68855285644531,94.96060180664062
97.58806610107422,95.49685668945312
98.50004577636719,96.00215911865234
99.42599487304688,96.46784210205078
100.36566162109375,96.88780212402344
101.31827545166016,97.25804138183594
102.28175354003906,97.57565307617188
103.25374603271484,97.83882904052734
104.23190307617188,98.04680633544922
105.21394348144531,98.19898986816406
106.19811248779297,98.29647064208984
107.1772232055664,98.35257720947266
108.16246032714844,98.3503189086914
109.1478271484375,98.30655670166016
110.13308715820312,98.22516632080078
111.1202392578125,98.11383819580078
112.11195373535156,97.97940063476562
113.10442352294922,97.83133697509766
114.10102081298828,97.67487335205078
115.10360717773438,97.5189437866211
116.11305236816406,97.36992645263672
117.12965393066406,97.23228454589844
118.15340423583984,97.10890197753906
119.18418884277344,97.00149536132812
120.2218017578125,96.91075134277344
121.26612091064453,96.83660888671875
122.31697845458984,96.7784194946289
123.37409210205078,96.73503875732422
124.43641662597656,96.70498657226562
125.50260162353516,96.67868041992188
126.5666732788086,96.63948059082031
127.6205825805664,96.57512664794922
128.658935546875,96.47691345214844
129.67938232421875,96.33914947509766
130.67935180664062,96.1575927734375
131.6549835205078,95.92896270751953
132.6046905517578,95.65242767333984
